timestamp,gpu_cache_usage_perc
1746191627.8366628,0.0023910931779123
1746191627.9921465,0.0119554658895614
1746191628.0129597,0.0119554658895614
1746191628.031565,0.0119554658895614
1746191628.049415,0.0119554658895614
1746191628.06747,0.0119554658895614
1746191628.0855374,0.0119554658895614
1746191628.1031036,0.0119554658895614
1746191628.1205893,0.0119554658895614
1746191628.138289,0.0119554658895614
1746191628.1559763,0.0119554658895614
1746191628.1760712,0.0119554658895614
1746191628.1936374,0.0119554658895614
1746191628.2110431,0.0119554658895614
1746191628.2286398,0.0121049092131808
1746191628.246128,0.0127026825076589
1746191628.263512,0.0127026825076589
1746191628.2809153,0.0127026825076589
1746191628.2985208,0.0127026825076589
1746191628.316048,0.0127026825076589
1746191628.3335822,0.0127026825076589
1746191628.3511548,0.0127026825076589
1746191628.3693905,0.0127026825076589
1746191628.387296,0.0127026825076589
1746191628.4047146,0.0127026825076589
1746191628.4223182,0.0127026825076589
1746191628.440287,0.0127026825076589
1746191628.4577088,0.0127026825076589
1746191628.4753373,0.0127026825076589
1746191628.4929905,0.0127026825076589
1746191628.510483,0.0128521258312784
1746191628.5280612,0.0134498991257565
1746191628.545665,0.0134498991257565
1746191628.563154,0.0134498991257565
1746191628.5805645,0.0134498991257565
1746191628.5981927,0.0134498991257565
1746191628.615765,0.0134498991257565
1746191628.6334305,0.0134498991257565
1746191628.6509614,0.0134498991257565
1746191628.6684844,0.0134498991257565
1746191628.6863737,0.0134498991257565
1746191628.7038803,0.0134498991257565
1746191628.7214022,0.0134498991257565
1746191628.7390573,0.0134498991257565
1746191628.7566574,0.0134498991257565
1746191628.7745736,0.0134498991257565
1746191628.7920058,0.0135993424493761
1746191628.8095894,0.0141971157438541
1746191628.8271227,0.0141971157438541
1746191628.8448002,0.0141971157438541
1746191628.8625057,0.0141971157438541
1746191628.8802817,0.0141971157438541
1746191628.897805,0.0141971157438541
1746191628.915466,0.0141971157438541
1746191628.9333308,0.0141971157438541
1746191628.9510145,0.0141971157438541
1746191628.9684615,0.0141971157438541
1746191628.9865365,0.0141971157438541
1746191629.0039372,0.0141971157438541
1746191629.0214922,0.0141971157438541
1746191629.039061,0.0141971157438541
1746191629.0564995,0.0141971157438541
1746191629.074165,0.0143465590674736
1746191629.09157,0.0149443323619516
1746191629.1090977,0.0149443323619516
1746191629.126661,0.0149443323619516
1746191629.147079,0.0149443323619516
1746191629.1649928,0.0149443323619516
1746191629.1827822,0.0149443323619516
1746191629.2004025,0.0149443323619516
1746191629.218147,0.0149443323619516
1746191629.2357063,0.0149443323619516
1746191629.253488,0.0149443323619516
1746191629.271079,0.0149443323619516
1746191629.2887137,0.0149443323619516
1746191629.3061209,0.0149443323619516
1746191629.323475,0.0149443323619516
1746191629.3409183,0.0149443323619516
1746191629.3584266,0.0150937756855712
1746191629.3761263,0.0156915489800493
1746191629.393745,0.0156915489800493
1746191629.4113047,0.0156915489800493
1746191629.4286883,0.0156915489800493
1746191629.446066,0.0156915489800493
1746191629.463479,0.0156915489800493
1746191629.4810526,0.0156915489800493
1746191629.4988503,0.0156915489800493
1746191629.5163686,0.0156915489800493
1746191629.5338492,0.0156915489800493
1746191629.5513508,0.0156915489800493
1746191629.568853,0.0156915489800493
1746191629.5862968,0.0156915489800493
1746191629.603783,0.0156915489800493
1746191629.6213198,0.0156915489800493
1746191629.638856,0.0158409923036688
1746191629.6563709,0.0164387655981469
1746191629.673963,0.0164387655981469
1746191629.691702,0.0164387655981469
1746191629.7092204,0.0164387655981469
1746191629.7267137,0.0164387655981469
1746191629.74412,0.0164387655981469
1746191629.7618234,0.0164387655981469
1746191629.7793603,0.0164387655981469
1746191629.7969697,0.0164387655981469
1746191629.8146062,0.0164387655981469
1746191629.8323276,0.0164387655981469
1746191629.849989,0.0164387655981469
1746191629.8677642,0.0164387655981469
1746191629.8853562,0.0164387655981469
1746191629.9034626,0.0164387655981469
1746191629.92104,0.0165882089217663
1746191629.9389212,0.0171859822162444
1746191629.9564383,0.0171859822162444
1746191629.9739046,0.0171859822162444
1746191629.9916067,0.0171859822162444
1746191630.009312,0.0171859822162444
1746191630.026801,0.0171859822162444
1746191630.044315,0.0171859822162444
1746191630.06225,0.0171859822162444
1746191630.0797205,0.0171859822162444
1746191630.0974588,0.0171859822162444
1746191630.1154735,0.0171859822162444
1746191630.1331117,0.0171859822162444
1746191630.150768,0.0171859822162444
1746191630.1688628,0.0171859822162444
1746191630.186423,0.0171859822162444
1746191630.204044,0.017335425539864
1746191630.22178,0.017933198834342
1746191630.2394736,0.017933198834342
1746191630.2570648,0.017933198834342
1746191630.274706,0.017933198834342
1746191630.2923222,0.017933198834342
1746191630.3104482,0.017933198834342
1746191630.3285308,0.017933198834342
1746191630.346033,0.017933198834342
1746191630.3636444,0.017933198834342
1746191630.381212,0.017933198834342
1746191630.3987272,0.017933198834342
1746191630.4163132,0.017933198834342
1746191630.4339163,0.017933198834342
1746191630.451538,0.017933198834342
1746191630.4690783,0.017933198834342
1746191630.4867566,0.0180826421579616
1746191630.5045714,0.0186804154524397
1746191630.522739,0.0186804154524397
1746191630.5422149,0.0186804154524397
1746191630.5600066,0.0186804154524397
1746191630.577768,0.0186804154524397
1746191630.5954697,0.0186804154524397
1746191630.613598,0.0186804154524397
1746191630.6315756,0.0186804154524397
1746191630.6492438,0.0186804154524397
1746191630.6669512,0.0186804154524397
1746191630.6848545,0.0186804154524397
1746191630.702464,0.0186804154524397
1746191630.7201197,0.0186804154524397
1746191630.7378342,0.0186804154524397
1746191630.755642,0.0186804154524397
1746191630.7735977,0.0188298587760591
1746191630.7913592,0.0194276320705372
1746191630.8091323,0.0194276320705372
1746191630.826969,0.0194276320705372
1746191630.845261,0.0194276320705372
1746191630.863001,0.0194276320705372
1746191630.8809638,0.0194276320705372
1746191630.8987126,0.0194276320705372
1746191630.9165294,0.0194276320705372
1746191630.9347997,0.0194276320705372
1746191630.9525032,0.0194276320705372
1746191630.9702842,0.0194276320705372
1746191630.9881814,0.0194276320705372
1746191631.006041,0.0194276320705372
1746191631.0237532,0.0194276320705372
1746191631.0418663,0.0194276320705372
1746191631.0600123,0.0195770753941567
1746191631.0779438,0.0201748486886348
1746191631.095781,0.0201748486886348
1746191631.113589,0.0201748486886348
1746191631.1317716,0.0201748486886348
1746191631.1501114,0.0201748486886348
1746191631.1694229,0.0201748486886348
1746191631.1873724,0.0201748486886348
1746191631.2058814,0.0201748486886348
1746191631.223693,0.0201748486886348
1746191631.2415495,0.0201748486886348
1746191631.2592957,0.0201748486886348
1746191631.2770202,0.0201748486886348
1746191631.295276,0.0201748486886348
1746191631.3140118,0.0201748486886348
1746191631.3320105,0.0201748486886348
1746191631.3504946,0.0203242920122543
1746191631.3682945,0.0209220653067324
1746191631.3861678,0.0209220653067324
1746191631.4040792,0.0209220653067324
1746191631.4220245,0.0209220653067324
1746191631.4400816,0.0209220653067324
1746191631.458114,0.0209220653067324
1746191631.4761844,0.0209220653067324
1746191631.4941702,0.0209220653067324
1746191631.5121837,0.0209220653067324
1746191631.5300474,0.0209220653067324
1746191631.5481234,0.0209220653067324
1746191631.5658903,0.0209220653067324
1746191631.5836835,0.0209220653067324
1746191631.60146,0.0209220653067324
1746191631.620427,0.0209220653067324
1746191631.6383193,0.0210715086303519
1746191631.6564057,0.0216692819248299
1746191631.6742675,0.0216692819248299
1746191631.692002,0.0216692819248299
1746191631.7097948,0.0216692819248299
1746191631.7276888,0.0216692819248299
1746191631.7456684,0.0216692819248299
1746191631.7634952,0.0216692819248299
1746191631.781212,0.0216692819248299
1746191631.7989888,0.0216692819248299
1746191631.8168666,0.0216692819248299
1746191631.8347378,0.0216692819248299
1746191631.8525925,0.0216692819248299
1746191631.870725,0.0216692819248299
1746191631.8884542,0.0216692819248299
1746191631.9062195,0.0216692819248299
1746191631.9239202,0.0218187252484495
1746191631.9420946,0.0224164985429276
1746191631.9603157,0.0224164985429276
1746191631.9783728,0.0224164985429276
1746191631.9961996,0.0224164985429276
1746191632.0141852,0.0224164985429276
1746191632.0321128,0.0224164985429276
1746191632.0501542,0.0224164985429276
1746191632.0681293,0.0224164985429276
1746191632.085862,0.0224164985429276
1746191632.1036904,0.0224164985429276
1746191632.1214786,0.0224164985429276
1746191632.139393,0.0224164985429276
1746191632.157364,0.0224164985429276
1746191632.1750865,0.0224164985429276
1746191632.1928775,0.0224164985429276
1746191632.210597,0.0225659418665471
1746191632.2284665,0.0231637151610252
1746191632.2462158,0.0231637151610252
1746191632.2644424,0.0231637151610252
1746191632.2821798,0.0231637151610252
1746191632.2998314,0.0231637151610252
1746191632.317534,0.0231637151610252
1746191632.3353477,0.0231637151610252
1746191632.3534868,0.0231637151610252
1746191632.371385,0.0231637151610252
1746191632.389279,0.0231637151610252
1746191632.407195,0.0231637151610252
1746191632.4250348,0.0231637151610252
1746191632.4427855,0.0231637151610252
1746191632.4606955,0.0231637151610252
1746191632.4784596,0.0231637151610252
1746191632.496284,0.0233131584846446
1746191632.514135,0.0239109317791227
1746191632.5319896,0.0239109317791227
1746191632.549806,0.0239109317791227
1746191632.5713117,0.0239109317791227
1746191632.588977,0.0239109317791227
1746191632.6084445,0.0239109317791227
1746191632.626345,0.0239109317791227
1746191632.6444943,0.0239109317791227
1746191632.6649728,0.0239109317791227
1746191632.6827748,0.0239109317791227
1746191632.7007165,0.0239109317791227
1746191632.7184403,0.0239109317791227
1746191632.7361622,0.0239109317791227
1746191632.7547936,0.0239109317791227
1746191632.773311,0.0239109317791227
1746191632.791191,0.0240603751027422
1746191632.8091466,0.0246581483972203
1746191632.8269722,0.0246581483972203
1746191632.8446598,0.0246581483972203
1746191632.8625567,0.0246581483972203
1746191632.8803132,0.0246581483972203
1746191632.898058,0.0246581483972203
1746191632.9158554,0.0246581483972203
1746191632.9336038,0.0246581483972203
1746191632.9514327,0.0246581483972203
1746191632.96938,0.0246581483972203
1746191632.9886022,0.0246581483972203
1746191633.00645,0.0246581483972203
1746191633.0241897,0.0246581483972203
1746191633.0420194,0.0246581483972203
1746191633.0596416,0.0246581483972203
1746191633.0773947,0.0248075917208399
1746191633.0952263,0.0254053650153179
1746191633.1129196,0.0254053650153179
1746191633.1306489,0.0254053650153179
1746191633.1483862,0.0254053650153179
1746191633.1664815,0.0254053650153179
1746191633.184542,0.0254053650153179
1746191633.2025034,0.0254053650153179
1746191633.2205849,0.0254053650153179
1746191633.2384198,0.0254053650153179
1746191633.2564335,0.0254053650153179
1746191633.2742162,0.0254053650153179
1746191633.2928178,0.0254053650153179
1746191633.3108623,0.0254053650153179
1746191633.3286612,0.0254053650153179
1746191633.346587,0.0254053650153179
1746191633.364561,0.0255548083389374
1746191633.3832214,0.0261525816334154
1746191633.400998,0.0261525816334154
1746191633.4189084,0.0261525816334154
1746191633.4367638,0.0261525816334154
1746191633.4572697,0.0261525816334154
1746191633.4750736,0.0261525816334154
1746191633.4927747,0.0261525816334154
1746191633.5104084,0.0261525816334154
1746191633.528657,0.0261525816334154
1746191633.5463636,0.0261525816334154
1746191633.5647652,0.0261525816334154
1746191633.5835433,0.0261525816334154
1746191633.6014802,0.0261525816334154
1746191633.6193118,0.0261525816334154
1746191633.6374984,0.0261525816334154
1746191633.6559043,0.026302024957035
1746191633.6738288,0.0268997982515131
1746191633.691708,0.0268997982515131
1746191633.7099602,0.0268997982515131
1746191633.7276754,0.0268997982515131
1746191633.7456906,0.0268997982515131
1746191633.7641556,0.0268997982515131
1746191633.7830207,0.0268997982515131
1746191633.801305,0.0268997982515131
1746191633.8191266,0.0268997982515131
1746191633.8368876,0.0268997982515131
1746191633.8548722,0.0268997982515131
1746191633.8729675,0.0268997982515131
1746191633.8907995,0.0268997982515131
1746191633.908625,0.0268997982515131
1746191633.9267545,0.0268997982515131
1746191633.9446082,0.0270492415751326
1746191633.9624982,0.0276470148696107
1746191633.980402,0.0276470148696107
1746191633.9983814,0.0276470148696107
1746191634.0161264,0.0276470148696107
1746191634.0341003,0.0276470148696107
1746191634.052108,0.0276470148696107
1746191634.0699916,0.0276470148696107
1746191634.0878904,0.0276470148696107
1746191634.1067731,0.0276470148696107
1746191634.1246996,0.0276470148696107
1746191634.142426,0.0276470148696107
1746191634.1603684,0.0276470148696107
1746191634.178219,0.0276470148696107
1746191634.196118,0.0276470148696107
1746191634.214381,0.0248823133826496
1746191634.2317607,0.0195023537323469
1746191634.2490404,0.0198759620413958
1746191634.266195,0.0198759620413958
1746191634.2835057,0.0198759620413958
1746191634.30067,0.0198759620413958
1746191634.317642,0.0198759620413958
1746191634.3348532,0.0198759620413958
1746191634.3522086,0.0198759620413958
1746191634.3694727,0.0198759620413958
1746191634.386906,0.0198759620413958
1746191634.4041915,0.0198759620413958
1746191634.4218197,0.0198759620413958
1746191634.43917,0.0198759620413958
1746191634.456611,0.0198759620413958
1746191634.4738772,0.0198759620413958
1746191634.4912612,0.0198759620413958
1746191634.5086362,0.0200254053650152
1746191634.5263767,0.0203990136740641
1746191634.5435555,0.0203990136740641
1746191634.5608468,0.0203990136740641
1746191634.578014,0.0203990136740641
1746191634.5952587,0.0203990136740641
1746191634.6125815,0.0203990136740641
1746191634.6297266,0.0203990136740641
1746191634.646911,0.0203990136740641
1746191634.664247,0.0203990136740641
1746191634.6814294,0.0203990136740641
1746191634.698661,0.0203990136740641
1746191634.715713,0.0203990136740641
1746191634.732822,0.0203990136740641
1746191634.749972,0.0203990136740641
1746191634.767316,0.0203990136740641
1746191634.7844412,0.0205484569976835
1746191634.8017066,0.0209220653067324
1746191634.8194935,0.0209220653067324
1746191634.836836,0.0209220653067324
1746191634.85409,0.0209220653067324
1746191634.8712711,0.0209220653067324
1746191634.88832,0.0209220653067324
1746191634.9065802,0.0209220653067324
1746191634.9236135,0.0209220653067324
1746191634.9406528,0.0209220653067324
1746191634.9589863,0.0209220653067324
1746191634.9760275,0.0209220653067324
1746191634.993025,0.0209220653067324
1746191635.012354,0.0209220653067324
1746191635.0297458,0.0209220653067324
1746191635.046764,0.0209220653067324
1746191635.0649414,0.0210715086303519
1746191635.082013,0.0214451169394007
1746191635.0992632,0.0214451169394007
1746191635.1163852,0.0214451169394007
1746191635.1335907,0.0214451169394007
1746191635.1510322,0.0214451169394007
1746191635.1682358,0.0214451169394007
1746191635.1852791,0.0214451169394007
1746191635.202304,0.0214451169394007
1746191635.219362,0.0214451169394007
1746191635.2368228,0.0214451169394007
1746191635.2540505,0.0214451169394007
1746191635.2712758,0.0214451169394007
1746191635.2883456,0.0214451169394007
1746191635.305509,0.0214451169394007
1746191635.323287,0.0214451169394007
1746191635.340481,0.0215945602630202
1746191635.3575594,0.021968168572069
1746191635.37474,0.021968168572069
1746191635.3921003,0.021968168572069
1746191635.409276,0.021968168572069
1746191635.426386,0.021968168572069
1746191635.4434175,0.021968168572069
1746191635.46042,0.021968168572069
1746191635.477814,0.021968168572069
1746191635.4949088,0.021968168572069
1746191635.5119264,0.021968168572069
1746191635.5289705,0.021968168572069
1746191635.546007,0.021968168572069
1746191635.563364,0.021968168572069
1746191635.5806863,0.021968168572069
1746191635.5976949,0.021968168572069
1746191635.6147013,0.0221176118956885
1746191635.6321745,0.0224912202047373
1746191635.64952,0.0224912202047373
1746191635.6666052,0.0224912202047373
1746191635.6841972,0.0224912202047373
1746191635.701228,0.0224912202047373
1746191635.7182298,0.0224912202047373
1746191635.7353282,0.0224912202047373
1746191635.752355,0.0224912202047373
1746191635.769462,0.0224912202047373
1746191635.786485,0.0224912202047373
1746191635.8035853,0.0224912202047373
1746191635.8205707,0.0224912202047373
1746191635.837672,0.0224912202047373
1746191635.8550334,0.0224912202047373
1746191635.8723364,0.0224912202047373
1746191635.889558,0.0226406635283569
1746191635.906729,0.0230142718374056
1746191635.9239028,0.0230142718374056
1746191635.9410238,0.0230142718374056
1746191635.9584649,0.0230142718374056
1746191635.9755468,0.0230142718374056
1746191635.9927738,0.0230142718374056
1746191636.0100343,0.0230142718374056
1746191636.0273528,0.0230142718374056
1746191636.0446262,0.0230142718374056
1746191636.062058,0.0230142718374056
1746191636.0793386,0.0230142718374056
1746191636.0966065,0.0230142718374056
1746191636.1137104,0.0230142718374056
1746191636.130534,0.0230142718374056
1746191636.1476846,0.0230142718374056
1746191636.1651309,0.0231637151610252
1746191636.1822565,0.0235373234700739
1746191636.199376,0.0235373234700739
1746191636.2168531,0.0235373234700739
1746191636.2343812,0.0235373234700739
1746191636.251943,0.0235373234700739
1746191636.2693694,0.0235373234700739
1746191636.2866218,0.0235373234700739
1746191636.3038654,0.0235373234700739
1746191636.3209352,0.0235373234700739
1746191636.338163,0.0235373234700739
1746191636.3552744,0.0235373234700739
1746191636.3725207,0.0235373234700739
1746191636.3895683,0.0235373234700739
1746191636.406683,0.0235373234700739
1746191636.4241042,0.0235373234700739
1746191636.441272,0.0236867667936935
1746191636.4584162,0.0240603751027422
1746191636.476236,0.0240603751027422
1746191636.493425,0.0240603751027422
1746191636.510496,0.0240603751027422
1746191636.5276237,0.0240603751027422
1746191636.5446546,0.0240603751027422
1746191636.561833,0.0240603751027422
1746191636.5789092,0.0240603751027422
1746191636.5961454,0.0240603751027422
1746191636.6133285,0.0240603751027422
1746191636.6305091,0.0240603751027422
1746191636.6476295,0.0240603751027422
1746191636.664827,0.0240603751027422
1746191636.6817205,0.0240603751027422
1746191636.69898,0.0240603751027422
1746191636.7164702,0.0242098184263618
1746191636.7340217,0.0245834267354105
1746191636.7510486,0.0245834267354105
1746191636.7681024,0.0245834267354105
1746191636.7851794,0.0245834267354105
1746191636.8030615,0.0245834267354105
1746191636.820185,0.0245834267354105
1746191636.837871,0.0245834267354105
1746191636.854951,0.0245834267354105
1746191636.8721874,0.0245834267354105
1746191636.889518,0.0245834267354105
1746191636.906651,0.0245834267354105
1746191636.9237254,0.0245834267354105
1746191636.940939,0.0245834267354105
1746191636.9585185,0.0245834267354105
1746191636.9756863,0.0245834267354105
1746191636.992794,0.0247328700590301
1746191637.0100286,0.0251064783680788
1746191637.0272372,0.0251064783680788
1746191637.0444555,0.0251064783680788
1746191637.062924,0.0251064783680788
1746191637.0802662,0.0251064783680788
1746191637.0977628,0.0251064783680788
1746191637.1167862,0.0251064783680788
1746191637.133983,0.0251064783680788
1746191637.1510234,0.0251064783680788
1746191637.168252,0.0251064783680788
1746191637.1853757,0.0251064783680788
1746191637.202671,0.0251064783680788
1746191637.2198665,0.0251064783680788
1746191637.2370155,0.0251064783680788
1746191637.2540872,0.0251064783680788
1746191637.2715757,0.0252559216916984
1746191637.289142,0.0256295300007471
1746191637.306241,0.0256295300007471
1746191637.3235214,0.0256295300007471
1746191637.3411603,0.0256295300007471
1746191637.35837,0.0256295300007471
1746191637.375645,0.0256295300007471
1746191637.3928878,0.0256295300007471
1746191637.4101264,0.0256295300007471
1746191637.4279306,0.0256295300007471
1746191637.4453225,0.0256295300007471
1746191637.4634128,0.0256295300007471
1746191637.4810686,0.0256295300007471
1746191637.4992297,0.021968168572069
1746191637.5164025,0.0073227228573563
1746191637.5334024,0.0073227228573563
1746191637.5502813,0.0073974445191661
1746191637.5667422,0.0074721661809759
1746191637.583103,0.0074721661809759
1746191637.6001153,0.0074721661809759
1746191637.616496,0.0074721661809759
1746191637.632921,0.0074721661809759
1746191637.6494038,0.0074721661809759
1746191637.665689,0.0074721661809759
1746191637.682187,0.0074721661809759
1746191637.699273,0.0074721661809759
1746191637.715492,0.0074721661809759
1746191637.73208,0.0074721661809759
1746191637.7484312,0.0074721661809759
1746191637.7651715,0.0074721661809759
1746191637.7816603,0.0074721661809759
1746191637.7981222,0.0074721661809759
1746191637.8142233,0.0075468878427856
1746191637.8306203,0.0076216095045953
1746191637.8473408,0.0076216095045953
1746191637.863868,0.0076216095045953
1746191637.880463,0.0076216095045953
1746191637.8971157,0.0076216095045953
1746191637.9139357,0.0076216095045953
1746191637.930195,0.0076216095045953
1746191637.9463415,0.0076216095045953
1746191637.9627616,0.0076216095045953
1746191637.9792652,0.0076216095045953
1746191637.995469,0.0076216095045953
1746191638.0115588,0.0076216095045953
1746191638.027917,0.0076216095045953
1746191638.0441697,0.0076216095045953
1746191638.0603492,0.0076216095045953
1746191638.0771875,0.0076963311664051
1746191638.0938566,0.0077710528282148
1746191638.110315,0.0077710528282148
1746191638.1271317,0.0077710528282148
1746191638.1433127,0.0077710528282148
1746191638.1597228,0.0077710528282148
1746191638.1761427,0.0077710528282148
1746191638.1925547,0.0077710528282148
1746191638.2089856,0.0077710528282148
1746191638.22505,0.0077710528282148
1746191638.2413971,0.0077710528282148
1746191638.2575946,0.0077710528282148
1746191638.2741716,0.0077710528282148
1746191638.290549,0.0077710528282148
1746191638.3066552,0.0077710528282148
1746191638.3233948,0.0077710528282148
1746191638.3398015,0.0078457744900246
1746191638.356294,0.0079204961518344
1746191638.372803,0.0079204961518344
1746191638.3896368,0.0079204961518344
1746191638.4060602,0.0079204961518344
1746191638.4226832,0.0079204961518344
1746191638.4390972,0.0079204961518344
1746191638.45552,0.0079204961518344
1746191638.472265,0.0079204961518344
1746191638.488762,0.0079204961518344
1746191638.5055134,0.0079204961518344
1746191638.5221882,0.0079204961518344
1746191638.538879,0.0079204961518344
1746191638.5554442,0.0079204961518344
1746191638.5718532,0.0079204961518344
1746191638.5885646,0.0079204961518344
1746191638.605035,0.0079952178136442
1746191638.6213698,0.0080699394754539
1746191638.6375608,0.0080699394754539
1746191638.654083,0.0080699394754539
1746191638.6705537,0.0080699394754539
1746191638.6869671,0.0080699394754539
1746191638.7035446,0.0080699394754539
1746191638.72009,0.0080699394754539
1746191638.736829,0.0080699394754539
1746191638.7530608,0.0080699394754539
1746191638.769441,0.0080699394754539
1746191638.7859457,0.0080699394754539
1746191638.8020115,0.0080699394754539
1746191638.818604,0.0080699394754539
1746191638.8351016,0.0080699394754539
1746191638.8512454,0.0080699394754539
1746191638.8675928,0.0081446611372636
1746191638.8838935,0.0082193827990734
1746191638.900212,0.0082193827990734
1746191638.9170556,0.0082193827990734
1746191638.9338212,0.0082193827990734
1746191638.950804,0.0082193827990734
1746191638.9672534,0.0082193827990734
1746191638.9838855,0.0082193827990734
1746191639.0009418,0.0082193827990734
1746191639.017583,0.0082193827990734
1746191639.0340629,0.0082193827990734
1746191639.0504682,0.0082193827990734
1746191639.066897,0.0082193827990734
1746191639.0832922,0.0082193827990734
1746191639.0997152,0.0082193827990734
1746191639.1161706,0.0082193827990734
1746191639.1327188,0.0082941044608831
1746191639.149347,0.0083688261226929
1746191639.1656926,0.0083688261226929
1746191639.182058,0.0083688261226929
1746191639.1984832,0.0083688261226929
1746191639.2148814,0.0083688261226929
1746191639.2313669,0.0083688261226929
1746191639.2477791,0.0083688261226929
1746191639.2642207,0.0083688261226929
1746191639.2805228,0.0083688261226929
1746191639.2970014,0.0083688261226929
1746191639.313387,0.0083688261226929
1746191639.3298311,0.0083688261226929
1746191639.3462706,0.0083688261226929
1746191639.3629696,0.0083688261226929
1746191639.3795092,0.0083688261226929
1746191639.3958564,0.0084435477845027
1746191639.412252,0.0085182694463125
1746191639.4291658,0.0085182694463125
1746191639.4458678,0.0085182694463125
1746191639.462511,0.0085182694463125
1746191639.4788032,0.0085182694463125
1746191639.495366,0.0085182694463125
1746191639.5118852,0.0085182694463125
1746191639.5292726,0.0085182694463125
1746191639.5479631,0.0085182694463125
1746191639.5647633,0.0085182694463125
1746191639.5812426,0.0085182694463125
1746191639.597759,0.0085182694463125
1746191639.6152089,0.0085182694463125
1746191639.6317413,0.0085182694463125
1746191639.6500351,0.0085182694463125
1746191639.6677518,0.0085929911081222
1746191639.6840837,0.008667712769932
1746191639.700688,0.008667712769932
1746191639.7171185,0.008667712769932
1746191639.7335844,0.008667712769932
1746191639.750061,0.008667712769932
1746191639.7686172,0.008667712769932
1746191639.7852962,0.008667712769932
1746191639.8019264,0.008667712769932
1746191639.8185768,0.008667712769932
1746191639.8348465,0.008667712769932
1746191639.8516808,0.008667712769932
1746191639.867983,0.008667712769932
1746191639.8844943,0.008667712769932
1746191639.9010122,0.008667712769932
1746191639.9172716,0.008667712769932
1746191639.9337108,0.0087424344317417
1746191639.950765,0.0088171560935514
1746191639.9680202,0.0088171560935514
1746191639.9845552,0.0088171560935514
1746191640.0010812,0.0088171560935514
1746191640.017591,0.0088171560935514
1746191640.0340853,0.0088171560935514
1746191640.0507047,0.0088171560935514
1746191640.067322,0.0088171560935514
1746191640.083856,0.0088171560935514
1746191640.1004417,0.0088171560935514
1746191640.1170385,0.0088171560935514
1746191640.1341324,0.0088171560935514
1746191640.1509435,0.0088171560935514
1746191640.1683788,0.0088171560935514
1746191640.184986,0.0088171560935514
1746191640.201734,0.0088918777553612
1746191640.218285,0.008966599417171
1746191640.2350426,0.008966599417171
1746191640.251445,0.008966599417171
1746191640.2685332,0.008966599417171
1746191640.2850747,0.008966599417171
1746191640.301643,0.008966599417171
1746191640.3182275,0.008966599417171
1746191640.3345215,0.008966599417171
1746191640.3513606,0.008966599417171
1746191640.3679564,0.008966599417171
1746191640.384923,0.008966599417171
1746191640.401447,0.008966599417171
1746191640.4179215,0.008966599417171
1746191640.4344726,0.008966599417171
1746191640.4510305,0.008966599417171
1746191640.4675474,0.0090413210789808
1746191640.4841232,0.0091160427407905
1746191640.500509,0.0091160427407905
1746191640.516938,0.0091160427407905
1746191640.533414,0.0091160427407905
1746191640.5498807,0.0091160427407905
1746191640.5664148,0.0091160427407905
1746191640.583126,0.0091160427407905
1746191640.599454,0.0091160427407905
1746191640.6159291,0.0091160427407905
1746191640.6324053,0.0091160427407905
1746191640.6488676,0.0091160427407905
1746191640.6654773,0.0091160427407905
1746191640.6818864,0.0091160427407905
1746191640.698254,0.0091160427407905
1746191640.7148082,0.0091160427407905
1746191640.731233,0.0091907644026003
1746191640.7477005,0.00926548606441
1746191640.764251,0.00926548606441
1746191640.7810864,0.00926548606441
1746191640.7979636,0.00926548606441
1746191640.8143992,0.00926548606441
1746191640.8309312,0.00926548606441
1746191640.8473506,0.00926548606441
1746191640.863869,0.00926548606441
1746191640.880446,0.00926548606441
1746191640.89736,0.00926548606441
1746191640.9138024,0.00926548606441
1746191640.9302337,0.00926548606441
1746191640.9466465,0.00926548606441
1746191640.9628446,0.00926548606441
1746191640.9793794,0.00926548606441
1746191640.9959896,0.0093402077262197
1746191641.0125787,0.0094149293880295
1746191641.029064,0.0094149293880295
1746191641.0456116,0.0094149293880295
1746191641.0619488,0.0094149293880295
1746191641.0787623,0.0094149293880295
1746191641.095278,0.0094149293880295
1746191641.1117394,0.0094149293880295
1746191641.1281605,0.0094149293880295
1746191641.145074,0.0094149293880295
1746191641.1616592,0.0094149293880295
1746191641.1781902,0.0094149293880295
1746191641.1950269,0.0094149293880295
1746191641.2114377,0.0094149293880295
1746191641.2279482,0.0094149293880295
1746191641.2444775,0.0094149293880295
1746191641.2611196,0.0094896510498393
1746191641.2773416,0.0095643727116491
1746191641.293709,0.0095643727116491
1746191641.310278,0.0095643727116491
1746191641.3269677,0.0095643727116491
1746191641.3435805,0.0095643727116491
1746191641.3600078,0.0095643727116491
1746191641.376634,0.0095643727116491
1746191641.3936927,0.0095643727116491
1746191641.4100912,0.0095643727116491
1746191641.4263723,0.0095643727116491
1746191641.4429307,0.0095643727116491
1746191641.4592943,0.0095643727116491
1746191641.4757855,0.0095643727116491
1746191641.4924867,0.0095643727116491
1746191641.508999,0.0095643727116491
1746191641.525665,0.0096390943734588
1746191641.542395,0.0097138160352686
1746191641.5593207,0.0097138160352686
1746191641.5759125,0.0097138160352686
1746191641.5926523,0.0097138160352686
1746191641.609612,0.0097138160352686
1746191641.6261923,0.0097138160352686
1746191641.6429248,0.0097138160352686
1746191641.6594434,0.0097138160352686
1746191641.6759367,0.0097138160352686
1746191641.692611,0.0097138160352686
1746191641.7091098,0.0097138160352686
1746191641.7254102,0.0097138160352686
1746191641.7420423,0.0097138160352686
1746191641.7587204,0.0097138160352686
1746191641.7752197,0.0097138160352686
1746191641.7920184,0.0097885376970784
1746191641.8089652,0.009863259358888
1746191641.825548,0.009863259358888
1746191641.8418365,0.009863259358888
1746191641.8584397,0.009863259358888
1746191641.8749857,0.009863259358888
1746191641.891626,0.009863259358888
1746191641.9083726,0.009863259358888
1746191641.925018,0.009863259358888
1746191641.9416523,0.009863259358888
1746191641.9582791,0.009863259358888
1746191641.9750051,0.009863259358888
1746191641.991671,0.009863259358888
1746191642.0089054,0.009863259358888
1746191642.0258667,0.009863259358888
1746191642.0424368,0.009863259358888
1746191642.0590525,0.0099379810206978
1746191642.0755854,0.0100127026825076
1746191642.092166,0.0100127026825076
1746191642.1087446,0.0100127026825076
1746191642.1253574,0.0100127026825076
1746191642.1418178,0.0100127026825076
1746191642.1583462,0.0100127026825076
1746191642.1748574,0.0100127026825076
1746191642.1915162,0.0100127026825076
1746191642.2082453,0.0100127026825076
1746191642.225221,0.0100127026825076
1746191642.2417762,0.0100127026825076
1746191642.258315,0.0100127026825076
1746191642.2751434,0.0100127026825076
1746191642.2919023,0.0100127026825076
1746191642.308444,0.0100127026825076
1746191642.3251083,0.0100874243443174
1746191642.3417788,0.0101621460061271
1746191642.3584745,0.0101621460061271
1746191642.375141,0.0101621460061271
1746191642.3917272,0.0101621460061271
1746191642.4084015,0.0101621460061271
1746191642.42538,0.0101621460061271
1746191642.4418454,0.0101621460061271
1746191642.4583783,0.0101621460061271
1746191642.4745789,0.0101621460061271
1746191642.491129,0.0101621460061271
1746191642.5078838,0.0101621460061271
1746191642.5245435,0.0101621460061271
1746191642.5409827,0.0101621460061271
1746191642.5574834,0.0101621460061271
1746191642.5739348,0.0101621460061271
1746191642.5904748,0.0102368676679369
1746191642.6068678,0.0103115893297467
1746191642.6234372,0.0103115893297467
1746191642.6401615,0.0103115893297467
1746191642.6567488,0.0103115893297467
1746191642.673134,0.0103115893297467
1746191642.689703,0.0103115893297467
1746191642.7061071,0.0103115893297467
1746191642.7225358,0.0103115893297467
1746191642.7390764,0.0103115893297467
1746191642.7554672,0.0103115893297467
1746191642.7718828,0.0103115893297467
1746191642.7883463,0.0103115893297467
1746191642.8048346,0.0103115893297467
1746191642.8213458,0.0103115893297467
1746191642.8382926,0.0103115893297467
1746191642.8548822,0.0103863109915564
1746191642.871264,0.0104610326533661
1746191642.887741,0.0104610326533661
1746191642.9042015,0.0104610326533661
1746191642.9207315,0.0104610326533661
1746191642.937155,0.0104610326533661
1746191642.954245,0.0104610326533661
1746191642.9705658,0.0104610326533661
1746191642.9871006,0.0104610326533661
1746191643.0035446,0.0104610326533661
1746191643.0200863,0.0104610326533661
1746191643.0366356,0.0104610326533661
1746191643.0531116,0.0104610326533661
1746191643.0699286,0.0104610326533661
1746191643.086642,0.0104610326533661
1746191643.103146,0.0104610326533661
1746191643.1195672,0.0105357543151759
1746191643.1359618,0.0106104759769857
1746191643.1528463,0.0106104759769857
1746191643.169474,0.0106104759769857
1746191643.1861906,0.0106104759769857
1746191643.2031665,0.0106104759769857
1746191643.2197957,0.0106104759769857
1746191643.2364287,0.0106104759769857
1746191643.253406,0.0106104759769857
1746191643.2699568,0.0106104759769857
1746191643.2863498,0.0106104759769857
1746191643.3034234,0.0106104759769857
1746191643.319861,0.0106104759769857
1746191643.3365414,0.0106104759769857
1746191643.3536396,0.0106104759769857
1746191643.3710856,0.0106104759769857
1746191643.3875346,0.0106851976387954
1746191643.404148,0.0107599193006052
1746191643.4207122,0.0107599193006052
1746191643.4372969,0.0107599193006052
1746191643.4539175,0.0107599193006052
1746191643.4706006,0.0107599193006052
1746191643.4871955,0.0107599193006052
1746191643.503774,0.0107599193006052
1746191643.5204976,0.0107599193006052
1746191643.536975,0.0107599193006052
1746191643.5534844,0.0107599193006052
1746191643.569885,0.0107599193006052
1746191643.586541,0.0107599193006052
1746191643.6029856,0.0107599193006052
1746191643.6194658,0.0107599193006052
1746191643.6364045,0.0107599193006052
1746191643.6533215,0.010834640962415
1746191643.6702356,0.0109093626242248
1746191643.68687,0.0109093626242248
1746191643.7033188,0.0109093626242248
1746191643.7198658,0.0109093626242248
1746191643.7362397,0.0109093626242248
1746191643.7529895,0.0109093626242248
1746191643.769402,0.0109093626242248
1746191643.7859874,0.0109093626242248
1746191643.8023813,0.0109093626242248
1746191643.8191037,0.0109093626242248
1746191643.835628,0.0109093626242248
1746191643.853618,0.0109093626242248
1746191643.8702605,0.0109093626242248
1746191643.8873808,0.0109093626242248
1746191643.9062774,0.0109093626242248
1746191643.9232855,0.0109840842860344
1746191643.9397993,0.0110588059478442
1746191643.9579775,0.0110588059478442
1746191643.9744608,0.0110588059478442
1746191643.9924974,0.0110588059478442
1746191644.00903,0.0110588059478442
1746191644.0255036,0.0110588059478442
1746191644.04305,0.0110588059478442
1746191644.0593548,0.0110588059478442
1746191644.0758407,0.0110588059478442
1746191644.0926228,0.0110588059478442
1746191644.109766,0.0110588059478442
1746191644.1268406,0.0110588059478442
1746191644.1433809,0.0110588059478442
1746191644.1617243,0.0110588059478442
1746191644.1781664,0.0110588059478442
1746191644.194629,0.011133527609654
1746191644.2110138,0.0112082492714638
1746191644.228695,0.0112082492714638
1746191644.2450993,0.0112082492714638
1746191644.2615252,0.0112082492714638
1746191644.278029,0.0112082492714638
1746191644.2945397,0.0112082492714638
1746191644.3113089,0.0112082492714638
1746191644.327716,0.0112082492714638
1746191644.3453178,0.0112082492714638
1746191644.369954,0.0112082492714638
1746191644.3866825,0.0112082492714638
1746191644.4046571,0.0112082492714638
1746191644.42197,0.0112082492714638
1746191644.4384418,0.0112082492714638
1746191644.4562366,0.0112082492714638
1746191644.4737332,0.0112829709332735
1746191644.493043,0.0113576925950833
1746191644.50987,0.0113576925950833
1746191644.5263553,0.0113576925950833
1746191644.5436609,0.0113576925950833
1746191644.5607147,0.0113576925950833
1746191644.5783503,0.0113576925950833
1746191644.5962353,0.0113576925950833
1746191644.6134894,0.0113576925950833
1746191644.6319857,0.0113576925950833
1746191644.650127,0.0113576925950833
1746191644.666586,0.0113576925950833
1746191644.6841962,0.0113576925950833
1746191644.70213,0.0113576925950833
1746191644.7198515,0.0113576925950833
1746191644.7386289,0.0113576925950833
1746191644.7563045,0.0114324142568931
1746191644.772745,0.0115071359187027
1746191644.7918873,0.0115071359187027
1746191644.8084989,0.0115071359187027
1746191644.8249984,0.0115071359187027
1746191644.8417244,0.0115071359187027
1746191644.85858,0.0115071359187027
1746191644.8750694,0.0115071359187027
1746191644.8914611,0.0115071359187027
1746191644.9079382,0.0115071359187027
1746191644.9244487,0.0115071359187027
1746191644.9408095,0.0115071359187027
1746191644.957355,0.0115071359187027
1746191644.9738004,0.0115071359187027
1746191644.9905586,0.0115071359187027
1746191645.0072613,0.0115071359187027
1746191645.0236945,0.0115818575805125
1746191645.043081,0.0116565792423223
1746191645.0595083,0.0116565792423223
1746191645.0756588,0.0116565792423223
1746191645.093281,0.0116565792423223
1746191645.1098082,0.0116565792423223
1746191645.1263683,0.0116565792423223
1746191645.1431303,0.0116565792423223
1746191645.1610255,0.0116565792423223
1746191645.1775658,0.0116565792423223
1746191645.195053,0.0116565792423223
1746191645.2116358,0.0116565792423223
1746191645.2290473,0.0116565792423223
1746191645.2481968,0.0116565792423223
1746191645.26468,0.0116565792423223
1746191645.2846384,0.0116565792423223
1746191645.3011532,0.0117313009041321
1746191645.317633,0.0118060225659418
1746191645.3340688,0.0118060225659418
1746191645.3525608,0.0118060225659418
1746191645.3689704,0.0118060225659418
1746191645.3875585,0.0118060225659418
1746191645.4040568,0.0118060225659418
1746191645.420533,0.0118060225659418
1746191645.4383447,0.0118060225659418
1746191645.4547472,0.0118060225659418
1746191645.472945,0.0118060225659418
1746191645.489416,0.0118060225659418
1746191645.5059628,0.0118060225659418
1746191645.524805,0.0118060225659418
1746191645.5413368,0.0118060225659418
1746191645.557905,0.0118060225659418
1746191645.574691,0.0118807442277516
1746191645.591386,0.0119554658895614
1746191645.609341,0.0119554658895614
1746191645.6258805,0.0119554658895614
1746191645.6430311,0.0119554658895614
1746191645.6601708,0.0119554658895614
1746191645.6766615,0.0119554658895614
1746191645.6932256,0.0119554658895614
1746191645.7097292,0.0119554658895614
1746191645.7289689,0.0119554658895614
1746191645.7453983,0.0119554658895614
1746191645.7625074,0.0119554658895614
1746191645.7794983,0.0119554658895614
1746191645.795971,0.0119554658895614
1746191645.8127048,0.0119554658895614
1746191645.8291829,0.0119554658895614
1746191645.845359,0.0120301875513711
1746191645.863371,0.0121049092131808
1746191645.8799324,0.0121049092131808
1746191645.8973465,0.0121049092131808
1746191645.9138415,0.0121049092131808
1746191645.9316297,0.0121049092131808
1746191645.948096,0.0121049092131808
1746191645.9644578,0.0121049092131808
1746191645.9818742,0.0121049092131808
1746191645.999395,0.0121049092131808
1746191646.0158775,0.0121049092131808
1746191646.0337915,0.0121049092131808
1746191646.050313,0.0121049092131808
1746191646.0667384,0.0121049092131808
1746191646.0864806,0.0121049092131808
1746191646.1032078,0.0121049092131808
1746191646.1229136,0.0121796308749906
1746191646.1394286,0.0122543525368004
1746191646.1562867,0.0122543525368004
1746191646.172922,0.0122543525368004
1746191646.19197,0.0122543525368004
1746191646.2083118,0.0122543525368004
1746191646.227028,0.0122543525368004
1746191646.2437887,0.0122543525368004
1746191646.260331,0.0122543525368004
1746191646.2777395,0.0122543525368004
1746191646.2942674,0.0122543525368004
1746191646.3109336,0.0122543525368004
1746191646.3274148,0.0122543525368004
1746191646.3436506,0.0122543525368004
1746191646.3601396,0.0122543525368004
1746191646.376597,0.0122543525368004
1746191646.3929358,0.0123290741986101
1746191646.4097767,0.0124037958604199
1746191646.426355,0.0124037958604199
1746191646.4433749,0.0124037958604199
1746191646.461777,0.0124037958604199
1746191646.4783497,0.0124037958604199
1746191646.4973972,0.0124037958604199
1746191646.513672,0.0124037958604199
1746191646.532886,0.0124037958604199
1746191646.549465,0.0124037958604199
1746191646.565987,0.0124037958604199
1746191646.584678,0.0124037958604199
1746191646.6009953,0.0124037958604199
1746191646.617833,0.0124037958604199
1746191646.6345413,0.0124037958604199
1746191646.651086,0.0124037958604199
1746191646.6675026,0.0124785175222297
1746191646.68416,0.0125532391840395
1746191646.7006614,0.0125532391840395
1746191646.716939,0.0125532391840395
1746191646.7332172,0.0125532391840395
1746191646.7500308,0.0125532391840395
1746191646.7708747,0.0125532391840395
1746191646.787395,0.0125532391840395
1746191646.8040414,0.0125532391840395
1746191646.822379,0.0125532391840395
1746191646.838735,0.0125532391840395
1746191646.856413,0.0125532391840395
1746191646.873002,0.0125532391840395
1746191646.890556,0.0125532391840395
1746191646.907087,0.0125532391840395
1746191646.9236205,0.0125532391840395
1746191646.940434,0.0126279608458491
1746191646.9581954,0.0127026825076589
1746191646.9776468,0.0127026825076589
1746191646.994616,0.0127026825076589
1746191647.011212,0.0127026825076589
1746191647.0280943,0.0127026825076589
1746191647.0452936,0.0127026825076589
1746191647.061877,0.0127026825076589
1746191647.078226,0.0127026825076589
1746191647.0948162,0.0127026825076589
1746191647.1145017,0.0127026825076589
1746191647.1307228,0.0127026825076589
1746191647.147375,0.0127026825076589
1746191647.1639175,0.0127026825076589
1746191647.1814158,0.0127026825076589
1746191647.197879,0.0127026825076589
1746191647.2143824,0.0127774041694687
1746191647.233339,0.0128521258312784
1746191647.2501292,0.0128521258312784
1746191647.26678,0.0128521258312784
1746191647.283303,0.0128521258312784
1746191647.299628,0.0128521258312784
1746191647.319681,0.0128521258312784
1746191647.335955,0.0128521258312784
1746191647.352213,0.0128521258312784
1746191647.3700666,0.0128521258312784
1746191647.386571,0.0128521258312784
1746191647.4048493,0.0128521258312784
1746191647.4211133,0.0128521258312784
1746191647.4384286,0.0128521258312784
1746191647.4578671,0.0128521258312784
1746191647.4744885,0.0128521258312784
1746191647.4907715,0.0129268474930882
1746191647.5074077,0.013001569154898
1746191647.5248008,0.013001569154898
1746191647.5414588,0.013001569154898
1746191647.558045,0.013001569154898
1746191647.5744517,0.013001569154898
1746191647.5936458,0.013001569154898
1746191647.6103046,0.013001569154898
1746191647.626793,0.013001569154898
1746191647.6434238,0.013001569154898
1746191647.663128,0.013001569154898
1746191647.6797569,0.013001569154898
1746191647.6962624,0.013001569154898
1746191647.7128332,0.013001569154898
1746191647.729489,0.013001569154898
1746191647.7465212,0.013001569154898
1746191647.762943,0.0130762908167078
1746191647.7796204,0.0131510124785175
1746191647.7959423,0.0131510124785175
1746191647.8146148,0.0131510124785175
1746191647.8308809,0.0131510124785175
1746191647.8476603,0.0131510124785175
1746191647.866192,0.0131510124785175
1746191647.8831532,0.0131510124785175
1746191647.899684,0.0131510124785175
1746191647.916092,0.0131510124785175
1746191647.9327958,0.0131510124785175
1746191647.9491878,0.0131510124785175
1746191647.9659946,0.0131510124785175
1746191647.982665,0.0131510124785175
1746191647.9994955,0.0131510124785175
1746191648.0162735,0.0131510124785175
1746191648.032936,0.0132257341403272
1746191648.049574,0.013300455802137
1746191648.0665183,0.013300455802137
1746191648.0832896,0.013300455802137
1746191648.0998757,0.013300455802137
1746191648.1164548,0.013300455802137
1746191648.1329925,0.013300455802137
1746191648.1495748,0.013300455802137
1746191648.166247,0.013300455802137
1746191648.1831317,0.013300455802137
1746191648.1999166,0.013300455802137
1746191648.2165916,0.013300455802137
1746191648.2332268,0.013300455802137
1746191648.249985,0.013300455802137
1746191648.2666469,0.013300455802137
1746191648.2832625,0.013300455802137
1746191648.2998457,0.0133751774639467
1746191648.316327,0.0134498991257565
1746191648.3328078,0.0134498991257565
1746191648.3495212,0.0134498991257565
1746191648.3659208,0.0134498991257565
1746191648.383045,0.0134498991257565
1746191648.3997805,0.0134498991257565
1746191648.4164042,0.0134498991257565
1746191648.4329815,0.0134498991257565
1746191648.4496522,0.0134498991257565
1746191648.4661832,0.0134498991257565
1746191648.4828458,0.0134498991257565
1746191648.4993155,0.0134498991257565
1746191648.5158722,0.0134498991257565
1746191648.5323703,0.0134498991257565
1746191648.5489097,0.0134498991257565
1746191648.5652645,0.0135246207875663
1746191648.5817533,0.0135993424493761
1746191648.598508,0.0135993424493761
1746191648.6150796,0.0135993424493761
1746191648.6312923,0.0135993424493761
1746191648.6477869,0.0135993424493761
1746191648.6646748,0.0135993424493761
1746191648.6814623,0.0135993424493761
1746191648.6980083,0.0135993424493761
1746191648.7143965,0.0135993424493761
1746191648.7308905,0.0135993424493761
1746191648.7474542,0.0135993424493761
1746191648.763962,0.0135993424493761
1746191648.7805376,0.0135993424493761
1746191648.7972298,0.0135993424493761
1746191648.8136318,0.0135993424493761
1746191648.8298676,0.0136740641111858
1746191648.8463914,0.0137487857729955
1746191648.8633587,0.0137487857729955
1746191648.8801315,0.0137487857729955
1746191648.8976035,0.0137487857729955
1746191648.9143727,0.0137487857729955
1746191648.931247,0.0137487857729955
1746191648.948525,0.0137487857729955
1746191648.9655433,0.0137487857729955
1746191648.982288,0.0137487857729955
1746191648.9996111,0.0137487857729955
1746191649.0162666,0.0137487857729955
1746191649.0325954,0.0137487857729955
1746191649.0493386,0.0137487857729955
1746191649.065688,0.0137487857729955
1746191649.082023,0.0137487857729955
1746191649.0987663,0.0138235074348053
1746191649.1155462,0.013898229096615
1746191649.1319504,0.013898229096615
1746191649.1485054,0.013898229096615
1746191649.1647625,0.013898229096615
1746191649.181341,0.013898229096615
1746191649.1979122,0.013898229096615
1746191649.2144082,0.013898229096615
1746191649.230959,0.013898229096615
1746191649.247573,0.013898229096615
1746191649.2641137,0.013898229096615
1746191649.280623,0.013898229096615
1746191649.2972991,0.013898229096615
1746191649.3141465,0.013898229096615
1746191649.330399,0.013898229096615
1746191649.3469005,0.013898229096615
1746191649.3630958,0.0139729507584248
1746191649.379433,0.0140476724202346
1746191649.3959827,0.0140476724202346
1746191649.412603,0.0140476724202346
1746191649.4289122,0.0140476724202346
1746191649.4453237,0.0140476724202346
1746191649.4617252,0.0140476724202346
1746191649.4781923,0.0140476724202346
1746191649.4944882,0.0140476724202346
1746191649.5107589,0.0140476724202346
1746191649.5275936,0.0140476724202346
1746191649.543859,0.0140476724202346
1746191649.5602982,0.0140476724202346
1746191649.576795,0.0140476724202346
1746191649.5930555,0.0140476724202346
1746191649.60965,0.0140476724202346
1746191649.6265595,0.0141223940820444
1746191649.6430042,0.0141971157438541
1746191649.6594326,0.0141971157438541
1746191649.6760092,0.0141971157438541
1746191649.6926825,0.0141971157438541
1746191649.7091002,0.0141971157438541
1746191649.725789,0.0141971157438541
1746191649.7424705,0.0141971157438541
1746191649.759066,0.0141971157438541
1746191649.7757282,0.0141971157438541
1746191649.792267,0.0141971157438541
1746191649.808747,0.0141971157438541
1746191649.825505,0.0141971157438541
1746191649.8421235,0.0141971157438541
1746191649.8587866,0.0141971157438541
1746191649.8753655,0.0141971157438541
1746191649.8920152,0.0142718374056639
1746191649.9087026,0.0143465590674736
1746191649.925081,0.0143465590674736
1746191649.9419892,0.0143465590674736
1746191649.9589145,0.0143465590674736
1746191649.9754467,0.0143465590674736
1746191649.99213,0.0143465590674736
1746191650.0083995,0.0143465590674736
1746191650.0247967,0.0143465590674736
1746191650.0419068,0.0143465590674736
1746191650.0585096,0.0143465590674736
1746191650.0749378,0.0143465590674736
1746191650.0914452,0.0143465590674736
1746191650.1080997,0.0143465590674736
1746191650.1248746,0.0143465590674736
1746191650.1416912,0.0143465590674736
1746191650.1586244,0.0144212807292833
1746191650.1753209,0.0144960023910931
1746191650.1918635,0.0144960023910931
1746191650.2083006,0.0144960023910931
1746191650.2251494,0.0144960023910931
1746191650.24159,0.0144960023910931
1746191650.2581522,0.0144960023910931
1746191650.274776,0.0144960023910931
1746191650.291363,0.0144960023910931
1746191650.3077374,0.0144960023910931
1746191650.3243735,0.0144960023910931
1746191650.3410225,0.0144960023910931
1746191650.3576615,0.0144960023910931
1746191650.3744118,0.0144960023910931
1746191650.390958,0.0144960023910931
1746191650.4072654,0.0144960023910931
1746191650.4240632,0.0145707240529029
1746191650.440681,0.0146454457147127
1746191650.45756,0.0146454457147127
1746191650.4742372,0.0146454457147127
1746191650.490878,0.0146454457147127
1746191650.507457,0.0146454457147127
1746191650.5241623,0.0146454457147127
1746191650.5408363,0.0146454457147127
1746191650.5577557,0.0146454457147127
1746191650.574483,0.0146454457147127
1746191650.591514,0.0146454457147127
1746191650.6084237,0.0146454457147127
1746191650.6249745,0.0146454457147127
1746191650.641291,0.0146454457147127
1746191650.6579075,0.0146454457147127
1746191650.6755192,0.0146454457147127
1746191650.6921031,0.0147201673765224
1746191650.7085943,0.0147948890383322
1746191650.7252622,0.0147948890383322
1746191650.7432237,0.0147948890383322
1746191650.7600162,0.0147948890383322
1746191650.7764869,0.0147948890383322
1746191650.793111,0.0147948890383322
1746191650.809959,0.0147948890383322
1746191650.8277905,0.0147948890383322
1746191650.8440511,0.0147948890383322
1746191650.8608332,0.0147948890383322
1746191650.8794165,0.0147948890383322
1746191650.8962605,0.0147948890383322
1746191650.9129052,0.0147948890383322
1746191650.9313118,0.0147948890383322
1746191650.9475322,0.0147948890383322
1746191650.964501,0.0148696107001419
1746191650.9824526,0.0149443323619516
1746191650.999271,0.0149443323619516
1746191651.0162077,0.0149443323619516
1746191651.0347383,0.0149443323619516
1746191651.051393,0.0149443323619516
1746191651.0681565,0.0149443323619516
1746191651.0859227,0.0149443323619516
1746191651.102578,0.0149443323619516
1746191651.1192863,0.0149443323619516
1746191651.1359196,0.0149443323619516
1746191651.1541147,0.0149443323619516
1746191651.17109,0.0149443323619516
1746191651.187683,0.0149443323619516
1746191651.2044003,0.0149443323619516
1746191651.2211845,0.0149443323619516
1746191651.237795,0.0150190540237614
1746191651.2541,0.0150937756855712
1746191651.2708683,0.0150937756855712
1746191651.2874076,0.0150937756855712
1746191651.3040683,0.0150937756855712
1746191651.32063,0.0150937756855712
1746191651.3372042,0.0150937756855712
1746191651.3539157,0.0150937756855712
1746191651.370282,0.0150937756855712
1746191651.386875,0.0150937756855712
1746191651.403502,0.0150937756855712
1746191651.419886,0.0150937756855712
1746191651.4370654,0.0150937756855712
1746191651.4538546,0.0150937756855712
1746191651.4704008,0.0150937756855712
1746191651.4874122,0.0150937756855712
1746191651.5042748,0.015168497347381
1746191651.520933,0.0152432190091907
1746191651.5375855,0.0152432190091907
1746191651.554203,0.0152432190091907
1746191651.5707445,0.0152432190091907
1746191651.5873518,0.0152432190091907
1746191651.603887,0.0152432190091907
1746191651.6202378,0.0152432190091907
1746191651.6369114,0.0152432190091907
1746191651.6538434,0.0152432190091907
1746191651.6706474,0.0152432190091907
1746191651.687146,0.0152432190091907
1746191651.7037768,0.0152432190091907
1746191651.7204869,0.0152432190091907
1746191651.737049,0.0152432190091907
1746191651.7536888,0.0152432190091907
1746191651.77049,0.0153179406710005
1746191651.7870483,0.0153926623328103
1746191651.8037305,0.0153926623328103
1746191651.8203485,0.0153926623328103
1746191651.8369348,0.0153926623328103
1746191651.8532922,0.0153926623328103
1746191651.8702164,0.0153926623328103
1746191651.886777,0.0153926623328103
1746191651.903203,0.0153926623328103
1746191651.9198368,0.0153926623328103
1746191651.936431,0.0153926623328103
1746191651.9531522,0.0153926623328103
1746191651.9698677,0.0153926623328103
1746191651.98659,0.0153926623328103
1746191652.0032804,0.0153926623328103
1746191652.0199976,0.0153926623328103
1746191652.0365834,0.0154673839946199
1746191652.0528967,0.0155421056564297
1746191652.0695405,0.0155421056564297
1746191652.0864236,0.0155421056564297
1746191652.103008,0.0155421056564297
1746191652.1195693,0.0155421056564297
1746191652.1361623,0.0155421056564297
1746191652.1524546,0.0155421056564297
1746191652.1696322,0.0155421056564297
1746191652.1863685,0.0155421056564297
1746191652.2029266,0.0155421056564297
1746191652.2194076,0.0155421056564297
1746191652.2359998,0.0155421056564297
1746191652.2524693,0.0155421056564297
1746191652.2691011,0.0155421056564297
1746191652.285776,0.0155421056564297
1746191652.302652,0.0156168273182395
1746191652.3192744,0.0156915489800493
1746191652.3359122,0.0156915489800493
1746191652.352558,0.0156915489800493
1746191652.3692002,0.0156915489800493
1746191652.385443,0.0156915489800493
1746191652.402113,0.0156915489800493
1746191652.4189522,0.0156915489800493
1746191652.4355645,0.0156915489800493
1746191652.452133,0.0156915489800493
1746191652.4688468,0.0156915489800493
1746191652.4853318,0.0156915489800493
1746191652.5026996,0.0156915489800493
1746191652.5193353,0.0156915489800493
1746191652.535839,0.0156915489800493
1746191652.5522876,0.0156915489800493
1746191652.5688329,0.015766270641859
1746191652.5856566,0.0158409923036688
1746191652.602348,0.0158409923036688
1746191652.6188045,0.0158409923036688
1746191652.6351795,0.0158409923036688
1746191652.6518629,0.0158409923036688
1746191652.6687934,0.0158409923036688
1746191652.6852756,0.0158409923036688
1746191652.7019782,0.0158409923036688
1746191652.7190964,0.0158409923036688
1746191652.735401,0.0158409923036688
1746191652.7520835,0.0158409923036688
1746191652.7687314,0.0158409923036688
1746191652.7854805,0.0158409923036688
1746191652.8021655,0.0158409923036688
1746191652.81845,0.0158409923036688
1746191652.8350651,0.0159157139654786
1746191652.851698,0.0159904356272883
1746191652.8682845,0.0159904356272883
1746191652.8850434,0.0159904356272883
1746191652.901721,0.0159904356272883
1746191652.9186718,0.0159904356272883
1746191652.9352672,0.0159904356272883
1746191652.9519062,0.0159904356272883
1746191652.968573,0.0159904356272883
1746191652.9851594,0.0159904356272883
1746191653.0018392,0.0159904356272883
1746191653.0183933,0.0159904356272883
1746191653.034933,0.0159904356272883
1746191653.0516057,0.0159904356272883
1746191653.0681946,0.0159904356272883
1746191653.0847514,0.0159904356272883
1746191653.1013663,0.016065157289098
1746191653.1179743,0.0161398789509078
1746191653.134923,0.0161398789509078
1746191653.1511197,0.0161398789509078
1746191653.167765,0.0161398789509078
1746191653.1839852,0.0161398789509078
1746191653.2005053,0.0161398789509078
1746191653.2172606,0.0161398789509078
1746191653.2338612,0.0161398789509078
1746191653.250294,0.0161398789509078
1746191653.266927,0.0161398789509078
1746191653.28368,0.0161398789509078
1746191653.300249,0.0161398789509078
1746191653.3168073,0.0161398789509078
1746191653.3333702,0.0161398789509078
1746191653.3503218,0.0161398789509078
1746191653.3669147,0.0162146006127176
1746191653.383643,0.0162893222745273
1746191653.4003792,0.0162893222745273
1746191653.417162,0.0162893222745273
1746191653.433868,0.0162893222745273
1746191653.4507346,0.0162893222745273
1746191653.4678142,0.0162893222745273
1746191653.4843888,0.0162893222745273
1746191653.501083,0.0162893222745273
1746191653.5181763,0.0162893222745273
1746191653.5348797,0.0162893222745273
1746191653.551675,0.0162893222745273
1746191653.5683167,0.0162893222745273
1746191653.5848413,0.0162893222745273
1746191653.6013768,0.0162893222745273
1746191653.6185992,0.0162893222745273
1746191653.6353683,0.0163640439363371
1746191653.6521878,0.0164387655981469
1746191653.668846,0.0164387655981469
1746191653.685647,0.0164387655981469
1746191653.702407,0.0164387655981469
1746191653.718957,0.0164387655981469
1746191653.735591,0.0164387655981469
1746191653.7524028,0.0164387655981469
1746191653.769359,0.0164387655981469
1746191653.7860131,0.0164387655981469
1746191653.8026648,0.0164387655981469
1746191653.8194673,0.0164387655981469
1746191653.8360827,0.0164387655981469
1746191653.8526895,0.0164387655981469
1746191653.8692353,0.0164387655981469
1746191653.8855667,0.0164387655981469
1746191653.9019835,0.0165134872599567
1746191653.9189274,0.0165882089217663
1746191653.9355955,0.0165882089217663
1746191653.9522965,0.0165882089217663
1746191653.9694357,0.0165882089217663
1746191653.9860933,0.0165882089217663
1746191654.0027726,0.0165882089217663
1746191654.0191448,0.0165882089217663
1746191654.0359695,0.0165882089217663
1746191654.0527694,0.0165882089217663
1746191654.0695112,0.0165882089217663
1746191654.0863202,0.0165882089217663
1746191654.1030989,0.0165882089217663
1746191654.1197665,0.0165882089217663
1746191654.136561,0.0165882089217663
1746191654.1533744,0.0165882089217663
1746191654.1703775,0.0166629305835761
1746191654.1874294,0.0167376522453859
1746191654.204069,0.0167376522453859
1746191654.220687,0.0167376522453859
1746191654.2378197,0.0167376522453859
1746191654.254428,0.0167376522453859
1746191654.2709656,0.0167376522453859
1746191654.287689,0.0167376522453859
1746191654.304832,0.0167376522453859
1746191654.321621,0.0167376522453859
1746191654.338217,0.0167376522453859
1746191654.354829,0.0167376522453859
1746191654.3713474,0.0167376522453859
1746191654.388503,0.0167376522453859
1746191654.405481,0.0167376522453859
1746191654.4222293,0.0167376522453859
1746191654.4389634,0.0168123739071957
1746191654.4555018,0.0168870955690054
1746191654.4721696,0.0168870955690054
1746191654.4886775,0.0168870955690054
1746191654.5053246,0.0168870955690054
1746191654.5222204,0.0168870955690054
1746191654.538719,0.0168870955690054
1746191654.5553565,0.0168870955690054
1746191654.571919,0.0168870955690054
1746191654.5884864,0.0168870955690054
1746191654.6053128,0.0168870955690054
1746191654.621832,0.0168870955690054
1746191654.6385324,0.0168870955690054
1746191654.6551805,0.0168870955690054
1746191654.671692,0.0168870955690054
1746191654.688792,0.0168870955690054
1746191654.7054658,0.0169618172308152
1746191654.722284,0.017036538892625
1746191654.738963,0.017036538892625
1746191654.7555947,0.017036538892625
1746191654.772091,0.017036538892625
1746191654.7887998,0.017036538892625
1746191654.80549,0.017036538892625
1746191654.8220766,0.017036538892625
1746191654.838838,0.017036538892625
1746191654.8554974,0.017036538892625
1746191654.8722334,0.017036538892625
1746191654.8889651,0.017036538892625
1746191654.90554,0.017036538892625
1746191654.9222383,0.017036538892625
1746191654.938905,0.017036538892625
1746191654.9555078,0.017036538892625
1746191654.972074,0.0171112605544346
1746191654.9886072,0.0171859822162444
1746191655.0053134,0.0171859822162444
1746191655.0222225,0.0171859822162444
1746191655.038929,0.0171859822162444
1746191655.055487,0.0171859822162444
1746191655.0720558,0.0171859822162444
1746191655.088601,0.0171859822162444
1746191655.1052132,0.0171859822162444
1746191655.1217608,0.0171859822162444
1746191655.1384575,0.0171859822162444
1746191655.1551,0.0171859822162444
1746191655.171769,0.0171859822162444
1746191655.1883578,0.0171859822162444
1746191655.2049792,0.0171859822162444
1746191655.221556,0.0171859822162444
1746191655.238726,0.0172607038780542
1746191655.2554166,0.017335425539864
1746191655.271965,0.017335425539864
1746191655.2885897,0.017335425539864
1746191655.3052645,0.017335425539864
1746191655.3222346,0.017335425539864
1746191655.338802,0.017335425539864
1746191655.3559065,0.017335425539864
1746191655.3725483,0.017335425539864
1746191655.3890965,0.017335425539864
1746191655.405619,0.017335425539864
1746191655.4220002,0.017335425539864
1746191655.4384522,0.017335425539864
1746191655.4551544,0.017335425539864
1746191655.47171,0.017335425539864
1746191655.488137,0.017335425539864
1746191655.5046048,0.0174101472016737
1746191655.5210547,0.0174848688634835
1746191655.5375135,0.0174848688634835
1746191655.5539913,0.0174848688634835
1746191655.570439,0.0174848688634835
1746191655.586926,0.0174848688634835
1746191655.6052892,0.0174848688634835
1746191655.640883,0.0174848688634835
1746191655.6576395,0.0174848688634835
1746191655.6741526,0.0174848688634835
1746191655.690642,0.0174848688634835
1746191655.7071302,0.0174848688634835
1746191655.7236714,0.0174848688634835
1746191655.740593,0.0174848688634835
1746191655.7571356,0.0174848688634835
1746191655.7735767,0.0174848688634835
1746191655.789979,0.0175595905252933
1746191655.806424,0.017634312187103
1746191655.822894,0.017634312187103
1746191655.8393831,0.017634312187103
1746191655.855863,0.017634312187103
1746191655.872629,0.017634312187103
1746191655.889103,0.017634312187103
1746191655.9058037,0.017634312187103
1746191655.9224567,0.017634312187103
1746191655.939055,0.017634312187103
1746191655.9558537,0.017634312187103
1746191655.9724383,0.017634312187103
1746191655.9891489,0.017634312187103
1746191656.0057251,0.017634312187103
1746191656.0225012,0.017634312187103
1746191656.039167,0.017634312187103
1746191656.0558653,0.0177090338489127
1746191656.0725152,0.0177837555107225
1746191656.0895338,0.0177837555107225
1746191656.1061802,0.0177837555107225
1746191656.122879,0.0177837555107225
1746191656.139564,0.0177837555107225
1746191656.1568296,0.0177837555107225
1746191656.1737812,0.0177837555107225
1746191656.190513,0.0177837555107225
1746191656.207189,0.0177837555107225
1746191656.223978,0.0177837555107225
1746191656.240612,0.0177837555107225
1746191656.2572353,0.0177837555107225
1746191656.273834,0.0177837555107225
1746191656.2906485,0.0177837555107225
1746191656.307444,0.0177837555107225
1746191656.324215,0.0178584771725323
1746191656.340829,0.017933198834342
1746191656.3575437,0.017933198834342
1746191656.3741343,0.017933198834342
1746191656.3908029,0.017933198834342
1746191656.407484,0.017933198834342
1746191656.4244092,0.017933198834342
1746191656.4410126,0.017933198834342
1746191656.4577065,0.017933198834342
1746191656.4743395,0.017933198834342
1746191656.490953,0.017933198834342
1746191656.507877,0.017933198834342
1746191656.5245574,0.017933198834342
1746191656.541167,0.017933198834342
1746191656.5577044,0.017933198834342
1746191656.57435,0.017933198834342
1746191656.5911622,0.0180079204961518
1746191656.607696,0.0180826421579616
1746191656.62428,0.0180826421579616
1746191656.6409583,0.0180826421579616
1746191656.6576,0.0180826421579616
1746191656.6742496,0.0180826421579616
1746191656.6907942,0.0180826421579616
1746191656.7076352,0.0180826421579616
1746191656.724651,0.0180826421579616
1746191656.7412686,0.0180826421579616
1746191656.7579527,0.0180826421579616
1746191656.7745645,0.0180826421579616
1746191656.791365,0.0180826421579616
1746191656.807856,0.0180826421579616
1746191656.824782,0.0180826421579616
1746191656.841413,0.0180826421579616
1746191656.858102,0.0181573638197714
1746191656.8750267,0.018232085481581
1746191656.891711,0.018232085481581
1746191656.908231,0.018232085481581
1746191656.9250998,0.018232085481581
1746191656.941717,0.018232085481581
1746191656.958279,0.018232085481581
1746191656.975039,0.018232085481581
1746191656.9917078,0.018232085481581
1746191657.0083046,0.018232085481581
1746191657.0246522,0.018232085481581
1746191657.0412953,0.018232085481581
1746191657.057961,0.018232085481581
1746191657.074689,0.018232085481581
1746191657.091307,0.018232085481581
1746191657.1079292,0.018232085481581
1746191657.1246157,0.0183068071433908
1746191657.141531,0.0183815288052006
1746191657.1581802,0.0183815288052006
1746191657.1747158,0.0183815288052006
1746191657.191505,0.0183815288052006
1746191657.208151,0.0183815288052006
1746191657.2254894,0.0183815288052006
1746191657.242069,0.0183815288052006
1746191657.2586412,0.0183815288052006
1746191657.2751718,0.0183815288052006
1746191657.2917414,0.0183815288052006
1746191657.3086464,0.0183815288052006
1746191657.325482,0.0183815288052006
1746191657.3424845,0.0183815288052006
1746191657.3592515,0.0183815288052006
1746191657.3759644,0.0183815288052006
1746191657.3926284,0.0184562504670103
1746191657.4092786,0.0185309721288201
1746191657.426177,0.0185309721288201
1746191657.4428525,0.0185309721288201
1746191657.459698,0.0185309721288201
1746191657.476085,0.0185309721288201
1746191657.4927137,0.0185309721288201
1746191657.5094972,0.0185309721288201
1746191657.5261233,0.0185309721288201
1746191657.542754,0.0185309721288201
1746191657.560105,0.0185309721288201
1746191657.5768864,0.0185309721288201
1746191657.5935156,0.00926548606441
1746191657.609993,0.00926548606441
1746191657.6264932,0.00926548606441
1746191657.6433735,0.00926548606441
1746191657.659792,0.0093402077262197
1746191657.6761985,0.0093402077262197
1746191657.6928153,0.0093402077262197
1746191657.7092702,0.0093402077262197
1746191657.73081,0.0093402077262197
1746191657.7519047,0.0093402077262197
1746191657.7687752,0.0093402077262197
1746191657.7852004,0.0093402077262197
1746191657.8015726,0.0093402077262197
1746191657.8177469,0.0093402077262197
1746191657.8342152,0.0093402077262197
1746191657.8506975,0.0093402077262197
1746191657.8671486,0.0093402077262197
1746191657.8836143,0.0093402077262197
1746191657.900038,0.0093402077262197
1746191657.916432,0.0093402077262197
1746191657.9328296,0.0094149293880295
1746191657.9492652,0.0094149293880295
1746191657.965816,0.0094149293880295
1746191657.9826047,0.0094149293880295
1746191657.9992886,0.0094149293880295
1746191658.0157166,0.0094149293880295
1746191658.0321083,0.0094149293880295
1746191658.0485802,0.0094149293880295
1746191658.065105,0.0094149293880295
1746191658.081661,0.0094149293880295
1746191658.0982487,0.0094149293880295
1746191658.1146717,0.0094149293880295
1746191658.131178,0.0094149293880295
1746191658.148441,0.0094149293880295
1746191658.1649735,0.0094149293880295
1746191658.181437,0.0094149293880295
1746191658.1983595,0.0094896510498393
1746191658.2147553,0.0094896510498393
1746191658.231453,0.0094896510498393
1746191658.2478223,0.0094896510498393
1746191658.264367,0.0094896510498393
1746191658.2807884,0.0094896510498393
1746191658.2970552,0.0094896510498393
1746191658.3135288,0.0094896510498393
1746191658.329909,0.0094896510498393
1746191658.3463242,0.0094896510498393
1746191658.3628428,0.0094896510498393
1746191658.3792837,0.0094896510498393
1746191658.3960304,0.0094896510498393
1746191658.4124994,0.0094896510498393
1746191658.4289606,0.0094896510498393
1746191658.4454012,0.0094896510498393
1746191658.461983,0.0095643727116491
1746191658.478513,0.0095643727116491
1746191658.4949496,0.0095643727116491
1746191658.5113332,0.0095643727116491
1746191658.5277698,0.0095643727116491
1746191658.544234,0.0095643727116491
1746191658.5607316,0.0095643727116491
1746191658.57718,0.0095643727116491
1746191658.593538,0.0095643727116491
1746191658.610329,0.0095643727116491
1746191658.6271222,0.0095643727116491
1746191658.6437538,0.0095643727116491
1746191658.6603527,0.0095643727116491
1746191658.676783,0.0095643727116491
1746191658.6935902,0.0095643727116491
1746191658.7099593,0.0095643727116491
1746191658.7264135,0.0096390943734588
1746191658.742941,0.0096390943734588
1746191658.7594278,0.0096390943734588
1746191658.7760868,0.0096390943734588
1746191658.7926574,0.0096390943734588
1746191658.809068,0.0096390943734588
1746191658.8257716,0.0096390943734588
1746191658.8422897,0.0096390943734588
1746191658.8587255,0.0096390943734588
1746191658.8751583,0.0096390943734588
1746191658.8915727,0.0096390943734588
1746191658.9087267,0.0096390943734588
1746191658.925151,0.0096390943734588
1746191658.9417472,0.0096390943734588
1746191658.958587,0.0096390943734588
1746191658.9758017,0.0096390943734588
1746191658.9924345,0.0097138160352686
1746191659.0091822,0.0097138160352686
1746191659.0259085,0.0097138160352686
1746191659.0429344,0.0097138160352686
1746191659.0592637,0.0097138160352686
1746191659.0758317,0.0097138160352686
1746191659.0921886,0.0097138160352686
1746191659.1088085,0.0097138160352686
1746191659.1251483,0.0097138160352686
1746191659.142059,0.0097138160352686
1746191659.158726,0.0097138160352686
1746191659.175505,0.0097138160352686
1746191659.1921797,0.0097138160352686
1746191659.2084944,0.0097138160352686
1746191659.225222,0.0097138160352686
1746191659.2422822,0.0097138160352686
1746191659.258896,0.0097885376970784
1746191659.2752924,0.0097885376970784
1746191659.291632,0.0097885376970784
1746191659.308005,0.0097885376970784
1746191659.3244612,0.0097885376970784
1746191659.3409455,0.0097885376970784
1746191659.3574307,0.0097885376970784
1746191659.373806,0.0097885376970784
1746191659.3903043,0.0097885376970784
1746191659.407071,0.0097885376970784
1746191659.423468,0.0097885376970784
1746191659.4402385,0.0097885376970784
1746191659.475551,0.0097885376970784
1746191659.4919732,0.0097885376970784
1746191659.5084603,0.0097885376970784
1746191659.5249507,0.0097885376970784
1746191659.541711,0.009863259358888
1746191659.558204,0.009863259358888
1746191659.5748422,0.009863259358888
1746191659.5916018,0.009863259358888
1746191659.6080089,0.009863259358888
1746191659.6243362,0.009863259358888
1746191659.6407678,0.009863259358888
1746191659.6576068,0.009863259358888
1746191659.6741488,0.009863259358888
1746191659.6905415,0.009863259358888
1746191659.7069824,0.009863259358888
1746191659.7233968,0.009863259358888
1746191659.73982,0.009863259358888
1746191659.7562466,0.009863259358888
1746191659.7726564,0.009863259358888
1746191659.789016,0.009863259358888
1746191659.8054032,0.0099379810206978
1746191659.8237572,0.0099379810206978
1746191659.840216,0.0099379810206978
1746191659.856646,0.0099379810206978
1746191659.8737204,0.0099379810206978
1746191659.8903663,0.0099379810206978
1746191659.906874,0.0099379810206978
1746191659.923618,0.0099379810206978
1746191659.9402232,0.0099379810206978
1746191659.956889,0.0099379810206978
1746191659.973325,0.0099379810206978
1746191659.9897826,0.0099379810206978
1746191660.0062573,0.0099379810206978
1746191660.0229373,0.0099379810206978
1746191660.0398045,0.0099379810206978
1746191660.056507,0.0099379810206978
1746191660.0733843,0.0100127026825076
1746191660.0901873,0.0100127026825076
1746191660.1072023,0.0100127026825076
1746191660.1240544,0.0100127026825076
1746191660.1404853,0.0100127026825076
1746191660.1573532,0.0100127026825076
1746191660.1750422,0.0100127026825076
1746191660.1915047,0.0100127026825076
1746191660.2082293,0.0100127026825076
1746191660.2248926,0.0100127026825076
1746191660.2414918,0.0100127026825076
1746191660.2582097,0.0100127026825076
1746191660.2748954,0.0100127026825076
1746191660.291537,0.0100127026825076
1746191660.30854,0.0100127026825076
1746191660.325029,0.0100127026825076
1746191660.341565,0.0100874243443174
1746191660.3580236,0.0100874243443174
1746191660.374874,0.0100874243443174
1746191660.3914497,0.0100874243443174
1746191660.4079702,0.0100874243443174
1746191660.4244108,0.0100874243443174
1746191660.4408946,0.0100874243443174
1746191660.457509,0.0100874243443174
1746191660.4743557,0.0100874243443174
1746191660.4909043,0.0100874243443174
1746191660.5078404,0.0100874243443174
1746191660.5243554,0.0100874243443174
1746191660.5411465,0.0100874243443174
1746191660.557782,0.0100874243443174
1746191660.5744536,0.0100874243443174
1746191660.590973,0.0100874243443174
1746191660.607612,0.0101621460061271
1746191660.624492,0.0101621460061271
1746191660.6411507,0.0101621460061271
1746191660.6575675,0.0101621460061271
1746191660.6741126,0.0101621460061271
1746191660.6905658,0.0101621460061271
1746191660.707024,0.0101621460061271
1746191660.7237768,0.0101621460061271
1746191660.7402732,0.0101621460061271
1746191660.7566369,0.0101621460061271
1746191660.7730758,0.0101621460061271
1746191660.78956,0.0101621460061271
1746191660.8062408,0.0101621460061271
1746191660.8233566,0.0101621460061271
1746191660.839749,0.0101621460061271
1746191660.8561544,0.0101621460061271
1746191660.8735216,0.0102368676679369
1746191660.8900378,0.0102368676679369
1746191660.9065278,0.0102368676679369
1746191660.9232302,0.0102368676679369
1746191660.9396715,0.0102368676679369
1746191660.9560568,0.0102368676679369
1746191660.9726367,0.0102368676679369
1746191660.99009,0.0102368676679369
1746191661.007015,0.0102368676679369
1746191661.023434,0.0102368676679369
1746191661.0400789,0.0102368676679369
1746191661.0565844,0.0102368676679369
1746191661.0732958,0.0102368676679369
1746191661.089806,0.0102368676679369
1746191661.106207,0.0102368676679369
1746191661.122689,0.0102368676679369
1746191661.1394453,0.0103115893297467
1746191661.1559358,0.0103115893297467
1746191661.1723204,0.0103115893297467
1746191661.188781,0.0103115893297467
1746191661.2054043,0.0103115893297467
1746191661.2218971,0.0103115893297467
1746191661.238423,0.0103115893297467
1746191661.255447,0.0103115893297467
1746191661.271844,0.0103115893297467
1746191661.2884817,0.0103115893297467
1746191661.3050857,0.0103115893297467
1746191661.3215165,0.0103115893297467
1746191661.3380744,0.0103115893297467
1746191661.3548677,0.0103115893297467
1746191661.371421,0.0103115893297467
1746191661.387909,0.0103115893297467
1746191661.404445,0.0103863109915564
1746191661.4205997,0.0103863109915564
1746191661.4372663,0.0103863109915564
1746191661.4538667,0.0103863109915564
1746191661.4703276,0.0103863109915564
1746191661.4868476,0.0103863109915564
1746191661.5033774,0.0103863109915564
1746191661.5198965,0.0103863109915564
1746191661.5365543,0.0103863109915564
1746191661.5534244,0.0103863109915564
1746191661.5697973,0.0103863109915564
1746191661.5864048,0.0103863109915564
1746191661.6028657,0.0103863109915564
1746191661.6194172,0.0103863109915564
1746191661.63561,0.0103863109915564
1746191661.6520567,0.0103863109915564
1746191661.6685212,0.0104610326533661
1746191661.6851287,0.0104610326533661
1746191661.7016263,0.0104610326533661
1746191661.7182307,0.0104610326533661
1746191661.734691,0.0104610326533661
1746191661.7511437,0.0104610326533661
1746191661.76788,0.0104610326533661
1746191661.7844644,0.0104610326533661
1746191661.8009582,0.0104610326533661
1746191661.8173928,0.0104610326533661
1746191661.8338096,0.0104610326533661
1746191661.8503218,0.0104610326533661
1746191661.8670747,0.0104610326533661
1746191661.883477,0.0104610326533661
1746191661.8996818,0.0104610326533661
1746191661.916087,0.0104610326533661
1746191661.9324336,0.0105357543151759
1746191661.949075,0.0105357543151759
1746191661.9654891,0.0105357543151759
1746191661.9819503,0.0105357543151759
1746191661.9984758,0.0105357543151759
1746191662.0150142,0.0105357543151759
1746191662.0316274,0.0105357543151759
1746191662.0483165,0.0105357543151759
1746191662.064957,0.0105357543151759
1746191662.0814104,0.0105357543151759
1746191662.0981276,0.0105357543151759
1746191662.1147418,0.0105357543151759
1746191662.1313126,0.0105357543151759
1746191662.14817,0.0105357543151759
1746191662.1650832,0.0105357543151759
1746191662.1816711,0.0105357543151759
1746191662.198177,0.0106104759769857
1746191662.214566,0.0106104759769857
1746191662.231208,0.0106104759769857
1746191662.248026,0.0106104759769857
1746191662.264599,0.0106104759769857
1746191662.281089,0.0106104759769857
1746191662.297514,0.0106104759769857
1746191662.314265,0.0106104759769857
1746191662.3308597,0.0106104759769857
1746191662.3476214,0.0106104759769857
1746191662.3644266,0.0106104759769857
1746191662.3812218,0.0106104759769857
1746191662.397893,0.0106104759769857
1746191662.4146192,0.0106104759769857
1746191662.4314754,0.0106104759769857
1746191662.4480834,0.0106104759769857
1746191662.46476,0.0106851976387954
1746191662.481563,0.0106851976387954
1746191662.4982393,0.0106851976387954
1746191662.51485,0.0106851976387954
1746191662.5314083,0.0106851976387954
1746191662.5482368,0.0106851976387954
1746191662.5648546,0.0106851976387954
1746191662.581761,0.0106851976387954
1746191662.5983746,0.0106851976387954
1746191662.614981,0.0106851976387954
1746191662.631637,0.0106851976387954
1746191662.6482878,0.0106851976387954
1746191662.66492,0.0106851976387954
1746191662.68137,0.0106851976387954
1746191662.6981287,0.0106851976387954
1746191662.715072,0.0106851976387954
1746191662.731575,0.0107599193006052
1746191662.7480452,0.0107599193006052
1746191662.7644854,0.0107599193006052
1746191662.780812,0.0107599193006052
1746191662.79764,0.0107599193006052
1746191662.8142612,0.0107599193006052
1746191662.8308308,0.0107599193006052
1746191662.847467,0.0107599193006052
1746191662.8648045,0.0107599193006052
1746191662.881776,0.0107599193006052
1746191662.898594,0.0107599193006052
1746191662.91534,0.0107599193006052
1746191662.9319916,0.0107599193006052
1746191662.9486835,0.0107599193006052
1746191662.9656196,0.0107599193006052
