timestamp,gpu_cache_usage_perc
1746683081.396007,0.0014944332361951
1746683081.4341035,0.0029888664723903
1746683081.451415,0.0029888664723903
1746683081.468263,0.0029888664723903
1746683081.4849167,0.0029888664723903
1746683081.50124,0.0029888664723903
1746683081.517802,0.0029888664723903
1746683081.5340674,0.0029888664723903
1746683081.5508432,0.0029888664723903
1746683081.5672092,0.0029888664723903
1746683081.58356,0.0029888664723903
1746683081.5998125,0.0029888664723903
1746683081.616043,0.0029888664723903
1746683081.632745,0.0029888664723903
1746683081.6489935,0.0031383097960098
1746683081.6651976,0.0032877531196293
1746683081.6814585,0.0032877531196293
1746683081.6977155,0.0032877531196293
1746683081.7143552,0.0032877531196293
1746683081.7306235,0.0032877531196293
1746683081.746909,0.0032877531196293
1746683081.7632272,0.0032877531196293
1746683081.7800467,0.0032877531196293
1746683081.7985628,0.0032877531196293
1746683081.8150578,0.0032877531196293
1746683081.8315115,0.0032877531196293
1746683081.848342,0.0032877531196293
1746683081.864576,0.0032877531196293
1746683081.8808682,0.0032877531196293
1746683081.897132,0.0032877531196293
1746683081.913392,0.0034371964432489
1746683081.9296536,0.0035866397668684
1746683081.945964,0.0035866397668684
1746683081.9625337,0.0035866397668684
1746683081.97886,0.0035866397668684
1746683081.995161,0.0035866397668684
1746683082.0115156,0.0035866397668684
1746683082.027829,0.0035866397668684
1746683082.044576,0.0035866397668684
1746683082.060898,0.0035866397668684
1746683082.077193,0.0035866397668684
1746683082.0934956,0.0035866397668684
1746683082.1097653,0.0035866397668684
1746683082.1263378,0.0035866397668684
1746683082.1426427,0.0035866397668684
1746683082.159363,0.0035866397668684
1746683082.1761837,0.0037360830904878
1746683082.1923974,0.0038855264141074
1746683082.209272,0.0038855264141074
1746683082.2255769,0.0038855264141074
1746683082.2419238,0.0038855264141074
1746683082.2586648,0.0038855264141074
1746683082.275302,0.0038855264141074
1746683082.2921357,0.0038855264141074
1746683082.30927,0.0038855264141074
1746683082.3262975,0.0038855264141074
1746683082.343468,0.0038855264141074
1746683082.3597634,0.0038855264141074
1746683082.376287,0.0038855264141074
1746683082.392511,0.0038855264141074
1746683082.408745,0.0038855264141074
1746683082.425239,0.0038855264141074
1746683082.4414911,0.0040349697377269
1746683082.45828,0.0041844130613465
1746683082.4753418,0.0041844130613465
1746683082.491653,0.0041844130613465
1746683082.5087574,0.0041844130613465
1746683082.5252702,0.0041844130613465
1746683082.5415173,0.0041844130613465
1746683082.5583029,0.0041844130613465
1746683082.5751696,0.0041844130613465
1746683082.5915182,0.0041844130613465
1746683082.6087782,0.0041844130613465
1746683082.6257713,0.0041844130613465
1746683082.6420395,0.0041844130613465
1746683082.658223,0.0041844130613465
1746683082.6749277,0.0041844130613465
1746683082.6918917,0.0041844130613465
1746683082.7085855,0.0043338563849659
1746683082.7249296,0.0044832997085855
1746683082.741223,0.0044832997085855
1746683082.758137,0.0044832997085855
1746683082.7744272,0.0044832997085855
1746683082.7908266,0.0044832997085855
1746683082.8070984,0.0044832997085855
1746683082.823686,0.0044832997085855
1746683082.8402388,0.0044832997085855
1746683082.8564382,0.0044832997085855
1746683082.8733492,0.0044832997085855
1746683082.8902135,0.0044832997085855
1746683082.9065151,0.0044832997085855
1746683082.923477,0.0044832997085855
1746683082.940665,0.0044832997085855
1746683082.95756,0.0044832997085855
1746683082.974332,0.004632743032205
1746683082.990548,0.0047821863558245
1746683083.0076668,0.0047821863558245
1746683083.024226,0.0047821863558245
1746683083.0404782,0.0047821863558245
1746683083.056769,0.0047821863558245
1746683083.0735898,0.0047821863558245
1746683083.089826,0.0047821863558245
1746683083.106121,0.0047821863558245
1746683083.1224074,0.0047821863558245
1746683083.1387262,0.0047821863558245
1746683083.1552076,0.0047821863558245
1746683083.1714776,0.0047821863558245
1746683083.1879876,0.0047821863558245
1746683083.2044952,0.0047821863558245
1746683083.2213254,0.0047821863558245
1746683083.2381697,0.004931629679444
1746683083.2545712,0.0050810730030635
1746683083.271656,0.0050810730030635
1746683083.288412,0.0050810730030635
1746683083.3051133,0.0050810730030635
1746683083.322169,0.0050810730030635
1746683083.3392158,0.0050810730030635
1746683083.356471,0.0050810730030635
1746683083.3732884,0.0050810730030635
1746683083.3904393,0.0050810730030635
1746683083.407411,0.0050810730030635
1746683083.4245808,0.0050810730030635
1746683083.4414346,0.0050810730030635
1746683083.4586143,0.0050810730030635
1746683083.475736,0.0050810730030635
1746683083.4922318,0.0050810730030635
1746683083.5089824,0.0052305163266831
1746683083.525229,0.0053799596503025
1746683083.5417497,0.0053799596503025
1746683083.558066,0.0053799596503025
1746683083.574396,0.0053799596503025
1746683083.590966,0.0053799596503025
1746683083.6072538,0.0053799596503025
1746683083.6235845,0.0053799596503025
1746683083.6399505,0.0053799596503025
1746683083.6562805,0.0053799596503025
1746683083.6731346,0.0053799596503025
1746683083.689422,0.0053799596503025
1746683083.7064068,0.0053799596503025
1746683083.7234066,0.0053799596503025
1746683083.7396393,0.0053799596503025
1746683083.7558904,0.0053799596503025
1746683083.7725716,0.0055294029739221
1746683083.7887783,0.0056788462975416
1746683083.8063078,0.0056788462975416
1746683083.8226285,0.0056788462975416
1746683083.839035,0.0056788462975416
1746683083.8553207,0.0056788462975416
1746683083.8716488,0.0056788462975416
1746683083.8878534,0.0056788462975416
1746683083.9042585,0.0056788462975416
1746683083.9207482,0.0056788462975416
1746683083.937047,0.0056788462975416
1746683083.953467,0.0056788462975416
1746683083.9705806,0.0056788462975416
1746683083.9876337,0.0056788462975416
1746683084.0039086,0.0056788462975416
1746683084.0203848,0.0056788462975416
1746683084.0369072,0.0058282896211612
1746683084.053682,0.0059777329447806
1746683084.070488,0.0059777329447806
1746683084.086728,0.0059777329447806
1746683084.1034696,0.0059777329447806
1746683084.1210403,0.0059777329447806
1746683084.1378465,0.0059777329447806
1746683084.1542425,0.0059777329447806
1746683084.1708083,0.0059777329447806
1746683084.1871812,0.0059777329447806
1746683084.2034776,0.0059777329447806
1746683084.2197602,0.0059777329447806
1746683084.2360995,0.0059777329447806
1746683084.2523215,0.0059777329447806
1746683084.2686875,0.0059777329447806
1746683084.285904,0.0059777329447806
1746683084.3030338,0.0061271762684002
1746683084.3193426,0.0062766195920197
1746683084.3356712,0.0062766195920197
1746683084.351956,0.0062766195920197
1746683084.368333,0.0062766195920197
1746683084.384651,0.0062766195920197
1746683084.4012277,0.0062766195920197
1746683084.4180975,0.0062766195920197
1746683084.4344225,0.0062766195920197
1746683084.4512198,0.0062766195920197
1746683084.4684048,0.0062766195920197
1746683084.4847257,0.0062766195920197
1746683084.501142,0.0062766195920197
1746683084.5175111,0.0062766195920197
1746683084.5338917,0.0062766195920197
1746683084.5506527,0.0062766195920197
1746683084.5674877,0.0064260629156392
1746683084.583825,0.0065755062392587
1746683084.6003866,0.0065755062392587
1746683084.617042,0.0065755062392587
1746683084.633873,0.0065755062392587
1746683084.6507263,0.0065755062392587
1746683084.667152,0.0065755062392587
1746683084.683465,0.0065755062392587
1746683084.7006264,0.0065755062392587
1746683084.716931,0.0065755062392587
1746683084.733775,0.0065755062392587
1746683084.7501252,0.0065755062392587
1746683084.7670326,0.0065755062392587
1746683084.7834132,0.0065755062392587
1746683084.7999053,0.0065755062392587
1746683084.8162954,0.0065755062392587
1746683084.8327684,0.0067249495628782
1746683084.8492951,0.0068743928864978
1746683084.8656497,0.0068743928864978
1746683084.8819516,0.0068743928864978
1746683084.8983154,0.0068743928864978
1746683084.9145398,0.0068743928864978
1746683084.9313276,0.0068743928864978
1746683084.9481766,0.0068743928864978
1746683084.9644842,0.0068743928864978
1746683084.981022,0.0068743928864978
1746683084.997383,0.0068743928864978
1746683085.0136702,0.0068743928864978
1746683085.0305097,0.0068743928864978
1746683085.0480163,0.0068743928864978
1746683085.064981,0.0068743928864978
1746683085.0815475,0.0068743928864978
1746683085.098737,0.0070238362101172
1746683085.1156094,0.0071732795337368
1746683085.1318796,0.0071732795337368
1746683085.1490316,0.0071732795337368
1746683085.1652873,0.0071732795337368
1746683085.1815426,0.0071732795337368
1746683085.1979294,0.0071732795337368
1746683085.21429,0.0071732795337368
1746683085.2305882,0.0071732795337368
1746683085.246896,0.0071732795337368
1746683085.2634156,0.0071732795337368
1746683085.280172,0.0071732795337368
1746683085.2964816,0.0071732795337368
1746683085.3130348,0.0071732795337368
1746683085.3293912,0.0071732795337368
1746683085.3457308,0.0071732795337368
1746683085.3621073,0.0073227228573563
1746683085.3784544,0.0074721661809759
1746683085.3947828,0.0074721661809759
1746683085.4110615,0.0074721661809759
1746683085.4273803,0.0074721661809759
1746683085.4437835,0.0074721661809759
1746683085.4601035,0.0074721661809759
1746683085.4764073,0.0074721661809759
1746683085.4930408,0.0074721661809759
1746683085.5093763,0.0074721661809759
1746683085.525781,0.0074721661809759
1746683085.5421586,0.0074721661809759
1746683085.558509,0.0074721661809759
1746683085.5748537,0.0074721661809759
1746683085.5912018,0.0074721661809759
1746683085.60748,0.0074721661809759
1746683085.6238694,0.0076216095045953
1746683085.6402488,0.0077710528282148
1746683085.6565948,0.0077710528282148
1746683085.6729126,0.0077710528282148
1746683085.6891556,0.0077710528282148
1746683085.7055345,0.0077710528282148
1746683085.7220137,0.0077710528282148
1746683085.73833,0.0077710528282148
1746683085.7546425,0.0077710528282148
1746683085.7709186,0.0077710528282148
1746683085.787243,0.0077710528282148
1746683085.8035512,0.0077710528282148
1746683085.8198402,0.0077710528282148
1746683085.8362348,0.0077710528282148
1746683085.8525684,0.0077710528282148
1746683085.8688946,0.0077710528282148
1746683085.8863058,0.0079204961518344
1746683085.902758,0.0080699394754539
1746683085.9191463,0.0080699394754539
1746683085.935747,0.0080699394754539
1746683085.9520946,0.0080699394754539
1746683085.968531,0.0080699394754539
1746683085.984931,0.0080699394754539
1746683086.0012848,0.0080699394754539
1746683086.017616,0.0080699394754539
1746683086.0340135,0.0080699394754539
1746683086.050356,0.0080699394754539
1746683086.0666757,0.0080699394754539
1746683086.0830474,0.0080699394754539
1746683086.0994024,0.0080699394754539
1746683086.1158702,0.0080699394754539
1746683086.1323476,0.0080699394754539
1746683086.1489706,0.0082193827990734
1746683086.165301,0.0083688261226929
1746683086.1816697,0.0083688261226929
1746683086.198012,0.0083688261226929
1746683086.214342,0.0083688261226929
1746683086.2307446,0.0083688261226929
1746683086.2471693,0.0083688261226929
1746683086.264028,0.0083688261226929
1746683086.28076,0.0083688261226929
1746683086.297154,0.0083688261226929
1746683086.3135085,0.0083688261226929
1746683086.3298929,0.0083688261226929
1746683086.347053,0.0083688261226929
1746683086.3642154,0.0083688261226929
1746683086.3811612,0.0083688261226929
1746683086.3974085,0.0083688261226929
1746683086.4137423,0.0085182694463125
1746683086.4300816,0.008667712769932
1746683086.446343,0.008667712769932
1746683086.4631674,0.008667712769932
1746683086.47954,0.008667712769932
1746683086.4958515,0.008667712769932
1746683086.512377,0.008667712769932
1746683086.5294392,0.008667712769932
1746683086.5458045,0.008667712769932
1746683086.5627143,0.008667712769932
1746683086.5792816,0.008667712769932
1746683086.595675,0.008667712769932
1746683086.612488,0.008667712769932
1746683086.6293616,0.008667712769932
1746683086.645659,0.008667712769932
1746683086.6631577,0.008667712769932
1746683086.679993,0.0088171560935514
1746683086.6963427,0.008966599417171
1746683086.712588,0.008966599417171
1746683086.729212,0.008966599417171
1746683086.7460752,0.008966599417171
1746683086.7624712,0.008966599417171
1746683086.779033,0.008966599417171
1746683086.7957528,0.008966599417171
1746683086.812111,0.008966599417171
1746683086.8284545,0.008966599417171
1746683086.844813,0.008966599417171
1746683086.861189,0.008966599417171
1746683086.877746,0.008966599417171
1746683086.8940904,0.008966599417171
1746683086.910601,0.008966599417171
1746683086.9269533,0.008966599417171
1746683086.943305,0.0091160427407905
1746683086.9595864,0.00926548606441
1746683086.9758809,0.00926548606441
1746683086.9922433,0.00926548606441
1746683087.009226,0.00926548606441
1746683087.0255702,0.00926548606441
1746683087.0419064,0.00926548606441
1746683087.0582464,0.00926548606441
1746683087.0746229,0.00926548606441
1746683087.0910206,0.00926548606441
1746683087.107461,0.00926548606441
1746683087.123819,0.00926548606441
1746683087.1401625,0.00926548606441
1746683087.1565433,0.00926548606441
1746683087.1728995,0.00926548606441
1746683087.1892054,0.00926548606441
1746683087.206504,0.0094149293880295
1746683087.2234168,0.0095643727116491
1746683087.2399771,0.0095643727116491
1746683087.256911,0.0095643727116491
1746683087.2738738,0.0095643727116491
1746683087.2906983,0.0095643727116491
1746683087.3070982,0.0095643727116491
1746683087.3234637,0.0095643727116491
1746683087.340121,0.0095643727116491
1746683087.3573625,0.0095643727116491
1746683087.3744204,0.0095643727116491
1746683087.391167,0.0095643727116491
1746683087.408209,0.0095643727116491
1746683087.4252038,0.0095643727116491
1746683087.4416122,0.0095643727116491
1746683087.4581945,0.0095643727116491
1746683087.474536,0.0097138160352686
1746683087.4913807,0.009863259358888
1746683087.5085826,0.009863259358888
1746683087.52505,0.009863259358888
1746683087.541962,0.009863259358888
1746683087.5583386,0.009863259358888
1746683087.5748465,0.009863259358888
1746683087.591209,0.009863259358888
1746683087.6077473,0.009863259358888
1746683087.625064,0.009863259358888
1746683087.6415312,0.009863259358888
1746683087.658193,0.009863259358888
1746683087.6748145,0.009863259358888
1746683087.6921144,0.009863259358888
1746683087.7087452,0.009863259358888
1746683087.725668,0.009863259358888
1746683087.7422142,0.0100127026825076
1746683087.7591035,0.0101621460061271
1746683087.7762108,0.0101621460061271
1746683087.7927842,0.0076216095045953
1746683087.8090308,0.0025405365015317
1746683087.825276,0.0025405365015317
1746683087.8412912,0.0025405365015317
1746683087.857593,0.0025405365015317
1746683087.8737445,0.0025405365015317
1746683087.8900566,0.0025405365015317
1746683087.9068012,0.0025405365015317
1746683087.9231288,0.0025405365015317
1746683087.9397256,0.0025405365015317
1746683087.9559467,0.0025405365015317
1746683087.972169,0.0025405365015317
1746683087.9881368,0.0025405365015317
1746683088.0042615,0.0026152581633415
1746683088.020382,0.0026152581633415
1746683088.036477,0.0026152581633415
1746683088.052523,0.0026152581633415
1746683088.068781,0.0026152581633415
1746683088.0850236,0.0026152581633415
1746683088.101017,0.0026152581633415
1746683088.1170976,0.0026152581633415
1746683088.133373,0.0026152581633415
1746683088.149517,0.0026152581633415
1746683088.1659944,0.0026152581633415
1746683088.1820903,0.0026152581633415
1746683088.1983726,0.0026152581633415
1746683088.2147284,0.0026152581633415
1746683088.2308104,0.0026152581633415
1746683088.247276,0.0026152581633415
1746683088.263455,0.0026899798251512
1746683088.2796142,0.0026899798251512
1746683088.2959309,0.0026899798251512
1746683088.3121517,0.0026899798251512
1746683088.3288724,0.0026899798251512
1746683088.3456762,0.0026899798251512
1746683088.362002,0.0026899798251512
1746683088.3783407,0.0026899798251512
1746683088.3944504,0.0026899798251512
1746683088.4104576,0.0026899798251512
1746683088.426976,0.0026899798251512
1746683088.4431834,0.0026899798251512
1746683088.4593203,0.0026899798251512
1746683088.4753597,0.0026899798251512
1746683088.4913795,0.0026899798251512
1746683088.5077562,0.0026899798251512
1746683088.5241046,0.002764701486961
1746683088.5403972,0.002764701486961
1746683088.5566125,0.002764701486961
1746683088.572587,0.002764701486961
1746683088.5890226,0.002764701486961
1746683088.6055102,0.002764701486961
1746683088.622165,0.002764701486961
1746683088.6383443,0.002764701486961
1746683088.6544142,0.002764701486961
1746683088.6711874,0.002764701486961
1746683088.6877644,0.002764701486961
1746683088.7041466,0.002764701486961
1746683088.7201707,0.002764701486961
1746683088.7369046,0.002764701486961
1746683088.7531374,0.002764701486961
1746683088.7692232,0.002764701486961
1746683088.7856576,0.0028394231487708
1746683088.8017526,0.0028394231487708
1746683088.8178165,0.0028394231487708
1746683088.8338692,0.0028394231487708
1746683088.8500862,0.0028394231487708
1746683088.8669622,0.0028394231487708
1746683088.8840415,0.0028394231487708
1746683088.901095,0.0028394231487708
1746683088.917411,0.0028394231487708
1746683088.9335322,0.0028394231487708
1746683088.9496725,0.0028394231487708
1746683088.9662886,0.0028394231487708
1746683088.9831772,0.0028394231487708
1746683088.9995675,0.0028394231487708
1746683089.016292,0.0028394231487708
1746683089.032473,0.0028394231487708
1746683089.0486927,0.0029141448105806
1746683089.06476,0.0029141448105806
1746683089.0808818,0.0029141448105806
1746683089.0969825,0.0029141448105806
1746683089.1130626,0.0029141448105806
1746683089.1292086,0.0029141448105806
1746683089.1453657,0.0029141448105806
1746683089.1614811,0.0029141448105806
1746683089.178063,0.0029141448105806
1746683089.1941707,0.0029141448105806
1746683089.2106552,0.0029141448105806
1746683089.226688,0.0029141448105806
1746683089.2427962,0.0029141448105806
1746683089.2589226,0.0029141448105806
1746683089.27499,0.0029141448105806
1746683089.29104,0.0029141448105806
1746683089.307141,0.0029888664723903
1746683089.3231895,0.0029888664723903
1746683089.3394928,0.0029888664723903
1746683089.3556378,0.0029888664723903
1746683089.372137,0.0029888664723903
1746683089.3890457,0.0029888664723903
1746683089.4053593,0.0029888664723903
1746683089.4215226,0.0029888664723903
1746683089.4378786,0.0029888664723903
1746683089.453982,0.0029888664723903
1746683089.470039,0.0029888664723903
1746683089.4861126,0.0029888664723903
1746683089.502171,0.0029888664723903
1746683089.5182068,0.0029888664723903
1746683089.5342364,0.0029888664723903
1746683089.5504053,0.0029888664723903
1746683089.5665193,0.0030635881342001
1746683089.583361,0.0030635881342001
1746683089.6003458,0.0030635881342001
1746683089.6164458,0.0030635881342001
1746683089.6325312,0.0030635881342001
1746683089.6486404,0.0030635881342001
1746683089.6653748,0.0030635881342001
1746683089.6816163,0.0030635881342001
1746683089.6976671,0.0030635881342001
1746683089.7145522,0.0030635881342001
1746683089.73062,0.0030635881342001
1746683089.747224,0.0030635881342001
1746683089.76399,0.0030635881342001
1746683089.7807698,0.0030635881342001
1746683089.797725,0.0030635881342001
1746683089.813781,0.0030635881342001
1746683089.8299394,0.0031383097960098
1746683089.84688,0.0031383097960098
1746683089.8634355,0.0031383097960098
1746683089.8802955,0.0031383097960098
1746683089.896978,0.0031383097960098
1746683089.914009,0.0031383097960098
1746683089.9308405,0.0031383097960098
1746683089.947708,0.0031383097960098
1746683089.9638052,0.0031383097960098
1746683089.9812822,0.0031383097960098
1746683089.9985309,0.0031383097960098
1746683090.0146718,0.0031383097960098
1746683090.0310962,0.0031383097960098
1746683090.0475852,0.0031383097960098
1746683090.0637355,0.0031383097960098
1746683090.0804057,0.0031383097960098
1746683090.096675,0.0032130314578195
1746683090.1135757,0.0032130314578195
1746683090.1304708,0.0032130314578195
1746683090.1473663,0.0032130314578195
1746683090.1638863,0.0032130314578195
1746683090.17989,0.0032130314578195
1746683090.19602,0.0032130314578195
1746683090.2127345,0.0032130314578195
1746683090.22959,0.0032130314578195
1746683090.2457902,0.0032130314578195
1746683090.2617648,0.0032130314578195
1746683090.278062,0.0032130314578195
1746683090.2945175,0.0032130314578195
1746683090.3111334,0.0032130314578195
1746683090.3271887,0.0032130314578195
1746683090.3436072,0.0032130314578195
1746683090.3596652,0.0032877531196293
1746683090.37567,0.0032877531196293
1746683090.391631,0.0032877531196293
1746683090.4078567,0.0032877531196293
1746683090.4238384,0.0032877531196293
1746683090.440675,0.0032877531196293
1746683090.4571838,0.0032877531196293
1746683090.4737887,0.0032877531196293
1746683090.490256,0.0032877531196293
1746683090.5070732,0.0032877531196293
1746683090.523597,0.0032877531196293
1746683090.5400157,0.0032877531196293
1746683090.556604,0.0032877531196293
1746683090.5729065,0.0032877531196293
1746683090.5889182,0.0032877531196293
1746683090.6049695,0.0032877531196293
1746683090.6210458,0.0033624747814391
1746683090.6370575,0.0033624747814391
1746683090.6530542,0.0033624747814391
1746683090.6690855,0.0033624747814391
1746683090.6856928,0.0033624747814391
1746683090.7021585,0.0033624747814391
1746683090.7183611,0.0033624747814391
1746683090.7343965,0.0033624747814391
1746683090.7504497,0.0033624747814391
1746683090.766457,0.0033624747814391
1746683090.78252,0.0033624747814391
1746683090.7988582,0.0033624747814391
1746683090.8151286,0.0033624747814391
1746683090.8313513,0.0033624747814391
1746683090.8479316,0.0033624747814391
1746683090.864011,0.0033624747814391
1746683090.880166,0.0034371964432489
1746683090.896238,0.0034371964432489
1746683090.9122655,0.0034371964432489
1746683090.928301,0.0034371964432489
1746683090.9443674,0.0034371964432489
1746683090.9605043,0.0034371964432489
