timestamp,gpu_cache_usage_perc
1746369710.6539688,0.013001569154898
1746369710.6707528,0.013001569154898
1746369710.7271628,0.0159904356272883
1746369710.7452223,0.0159904356272883
1746369710.7658012,0.0159904356272883
1746369710.7834542,0.0159904356272883
1746369710.8010316,0.0164387655981469
1746369710.8184726,0.0164387655981469
1746369710.8359945,0.0164387655981469
1746369710.8537056,0.0168123739071957
1746369710.8710697,0.0168123739071957
1746369710.8886096,0.0168123739071957
1746369710.9059968,0.0168123739071957
1746369710.9234748,0.0168123739071957
1746369710.9408782,0.0168123739071957
1746369710.9582312,0.0168123739071957
1746369710.9756324,0.0168123739071957
1746369710.992973,0.0168123739071957
1746369711.0103474,0.0168123739071957
1746369711.0277214,0.0168123739071957
1746369711.045113,0.0168123739071957
1746369711.062827,0.0168123739071957
1746369711.0803034,0.0172607038780542
1746369711.097653,0.0172607038780542
1746369711.1149778,0.0172607038780542
1746369711.1323724,0.017634312187103
1746369711.149801,0.017634312187103
1746369711.1673028,0.017634312187103
1746369711.1847403,0.017634312187103
1746369711.202167,0.017634312187103
1746369711.2196343,0.017634312187103
1746369711.2370937,0.017634312187103
1746369711.2548296,0.017634312187103
1746369711.2723105,0.017634312187103
1746369711.2898817,0.017634312187103
1746369711.307304,0.017634312187103
1746369711.3246963,0.017634312187103
1746369711.3421226,0.017634312187103
1746369711.359717,0.0180826421579616
1746369711.377293,0.0180826421579616
1746369711.394804,0.0180826421579616
1746369711.4123583,0.0184562504670103
1746369711.429839,0.0184562504670103
1746369711.4473922,0.0184562504670103
1746369711.5033982,0.0184562504670103
1746369711.5208864,0.0184562504670103
1746369711.5383537,0.0184562504670103
1746369711.55642,0.0184562504670103
1746369711.573986,0.0184562504670103
1746369711.5924816,0.0184562504670103
1746369711.6103835,0.0184562504670103
1746369711.6283937,0.0184562504670103
1746369711.6459415,0.0184562504670103
1746369711.6634965,0.0184562504670103
1746369711.6810732,0.0189045804378689
1746369711.6986587,0.0189045804378689
1746369711.7165515,0.0189045804378689
1746369711.7341058,0.0192781887469177
1746369711.7516446,0.0192781887469177
1746369711.7691505,0.0192781887469177
1746369711.786631,0.0192781887469177
1746369711.8041368,0.0192781887469177
1746369711.8216217,0.0192781887469177
1746369711.8391645,0.0192781887469177
1746369711.8567553,0.0192781887469177
1746369711.874557,0.0192781887469177
1746369711.8921134,0.0192781887469177
1746369711.909695,0.0192781887469177
1746369711.9272182,0.0192781887469177
1746369711.9447827,0.0192781887469177
1746369711.962293,0.0197265187177763
1746369711.979828,0.0197265187177763
1746369711.9973607,0.0197265187177763
1746369712.0148883,0.020100127026825
1746369712.0323014,0.020100127026825
1746369712.04975,0.020100127026825
1746369712.0677965,0.020100127026825
1746369712.0855365,0.020100127026825
1746369712.1029878,0.020100127026825
1746369712.1204507,0.020100127026825
1746369712.1378484,0.020100127026825
1746369712.156354,0.020100127026825
1746369712.1738214,0.020100127026825
1746369712.1912596,0.020100127026825
1746369712.2087424,0.020100127026825
1746369712.2263253,0.020100127026825
1746369712.2438314,0.0205484569976835
1746369712.261347,0.0205484569976835
1746369712.2791257,0.0205484569976835
1746369712.2965243,0.0209220653067324
1746369712.3139694,0.0209220653067324
1746369712.3317168,0.0209220653067324
1746369712.3496628,0.0209220653067324
1746369712.367086,0.0209220653067324
1746369712.3847082,0.0209220653067324
1746369712.402214,0.0209220653067324
1746369712.4200542,0.0209220653067324
1746369712.438164,0.0209220653067324
1746369712.4557767,0.0209220653067324
1746369712.473373,0.0209220653067324
1746369712.4910269,0.0209220653067324
1746369712.5084467,0.0209220653067324
1746369712.5260248,0.0213703952775909
1746369712.5434606,0.0213703952775909
1746369712.5610974,0.0213703952775909
1746369712.5786996,0.0217440035866397
1746369712.5961282,0.0217440035866397
1746369712.6144483,0.0217440035866397
1746369712.6325588,0.0217440035866397
1746369712.650152,0.0217440035866397
1746369712.6676388,0.0217440035866397
1746369712.686067,0.0217440035866397
1746369712.7037537,0.0217440035866397
1746369712.7212474,0.0217440035866397
1746369712.7387888,0.0217440035866397
1746369712.7563367,0.0217440035866397
1746369712.773801,0.0217440035866397
1746369712.7913177,0.0217440035866397
1746369712.8091598,0.0221923335574982
1746369712.826712,0.0221923335574982
1746369712.8441749,0.0221923335574982
1746369712.8618424,0.0225659418665471
1746369712.8794794,0.0225659418665471
1746369712.8971963,0.0225659418665471
1746369712.9147425,0.0225659418665471
1746369712.932325,0.0225659418665471
1746369712.9499762,0.0225659418665471
1746369712.9675295,0.0225659418665471
1746369712.9850516,0.0225659418665471
1746369713.0026712,0.0225659418665471
1746369713.0201955,0.0225659418665471
1746369713.0377424,0.0225659418665471
1746369713.055354,0.0225659418665471
1746369713.0728729,0.0225659418665471
1746369713.0904365,0.0230142718374056
1746369713.1081822,0.0230142718374056
1746369713.1256385,0.0230142718374056
1746369713.1431754,0.0233878801464544
1746369713.1607006,0.0233878801464544
1746369713.1781914,0.0233878801464544
1746369713.1956851,0.0233878801464544
1746369713.2131555,0.0233878801464544
1746369713.2306068,0.0233878801464544
1746369713.2483172,0.0233878801464544
1746369713.2658446,0.0233878801464544
1746369713.2835312,0.0233878801464544
1746369713.301432,0.0233878801464544
1746369713.3192296,0.0233878801464544
1746369713.3367417,0.0233878801464544
1746369713.3546612,0.0233878801464544
1746369713.3726103,0.0238362101173129
1746369713.3901553,0.0238362101173129
1746369713.4076245,0.0238362101173129
1746369713.4251196,0.0242098184263618
1746369713.442593,0.0242098184263618
1746369713.4608376,0.0242098184263618
1746369713.4783614,0.0242098184263618
1746369713.4960704,0.0242098184263618
1746369713.5139828,0.0242098184263618
1746369713.5314865,0.0242098184263618
1746369713.5490522,0.0242098184263618
1746369713.5665824,0.0242098184263618
1746369713.584146,0.0242098184263618
1746369713.6017072,0.0242098184263618
1746369713.6191866,0.0242098184263618
1746369713.636729,0.0242098184263618
1746369713.654462,0.0246581483972203
1746369713.672338,0.0246581483972203
1746369713.6899064,0.0246581483972203
1746369713.7076323,0.0250317567062691
1746369713.725474,0.0250317567062691
1746369713.7434208,0.0250317567062691
1746369713.7610776,0.0250317567062691
1746369713.7786288,0.0250317567062691
1746369713.7971797,0.0250317567062691
1746369713.8147252,0.0250317567062691
1746369713.8322637,0.0250317567062691
1746369713.84985,0.0250317567062691
1746369713.867407,0.0250317567062691
1746369713.8850262,0.0250317567062691
1746369713.9026,0.0250317567062691
1746369713.9204297,0.0250317567062691
1746369713.9379802,0.0254800866771276
1746369713.9555342,0.0254800866771276
1746369713.973057,0.0254800866771276
1746369713.9906187,0.0258536949861765
1746369714.0081744,0.0258536949861765
1746369714.0257976,0.0258536949861765
1746369714.0432582,0.0258536949861765
1746369714.0608983,0.0258536949861765
1746369714.078325,0.0258536949861765
1746369714.095754,0.0258536949861765
1746369714.1133718,0.0258536949861765
1746369714.1311605,0.0258536949861765
1746369714.148692,0.0258536949861765
1746369714.166291,0.0258536949861765
1746369714.1838005,0.0258536949861765
1746369714.2013235,0.0258536949861765
1746369714.218954,0.026302024957035
1746369714.236536,0.026302024957035
1746369714.2540848,0.026302024957035
1746369714.272176,0.0266756332660837
1746369714.2901175,0.0266756332660837
1746369714.308161,0.0266756332660837
1746369714.32668,0.0266756332660837
1746369714.3447132,0.0266756332660837
1746369714.362457,0.0266756332660837
1746369714.3805668,0.0266756332660837
1746369714.3987138,0.0266756332660837
1746369714.416402,0.0235373234700739
1746369714.434157,0.0235373234700739
1746369714.4523723,0.0235373234700739
1746369714.4701056,0.0235373234700739
1746369714.488083,0.0235373234700739
1746369714.505664,0.0239109317791227
1746369714.5245912,0.0239109317791227
1746369714.5424757,0.0239109317791227
1746369714.560155,0.0242845400881716
1746369714.5787823,0.0242845400881716
1746369714.5966003,0.0242845400881716
1746369714.615937,0.0242845400881716
1746369714.6334982,0.0242845400881716
1746369714.651547,0.0242845400881716
1746369714.669192,0.0242845400881716
1746369714.686709,0.0242845400881716
1746369714.7047048,0.0242845400881716
1746369714.7223566,0.0242845400881716
1746369714.740144,0.0242845400881716
1746369714.7582598,0.0242845400881716
1746369714.776057,0.0242845400881716
1746369714.7937152,0.0246581483972203
1746369714.8114102,0.0246581483972203
1746369714.8291764,0.0246581483972203
1746369714.847265,0.0250317567062691
1746369714.864817,0.0250317567062691
1746369714.882522,0.0250317567062691
1746369714.900213,0.0250317567062691
1746369714.9183123,0.0250317567062691
1746369714.935901,0.0250317567062691
1746369714.953605,0.0250317567062691
1746369714.971461,0.0250317567062691
1746369714.989561,0.0250317567062691
1746369715.006999,0.0250317567062691
1746369715.0247605,0.0250317567062691
1746369715.0426884,0.0250317567062691
1746369715.060599,0.0250317567062691
1746369715.078323,0.0254053650153179
1746369715.0960298,0.0254053650153179
1746369715.1135678,0.0254053650153179
1746369715.1314223,0.0257789733243667
1746369715.1491785,0.0257789733243667
1746369715.1666903,0.0257789733243667
1746369715.1844523,0.0257789733243667
1746369715.202586,0.0257789733243667
1746369715.2202504,0.0257789733243667
1746369715.2379713,0.0257789733243667
1746369715.2554972,0.0257789733243667
1746369715.2734635,0.0257789733243667
1746369715.290963,0.0257789733243667
1746369715.3090177,0.0257789733243667
1746369715.327152,0.0257789733243667
1746369715.345397,0.0257789733243667
1746369715.363351,0.0261525816334154
1746369715.3808572,0.0261525816334154
1746369715.398806,0.0261525816334154
1746369715.4168637,0.0265261899424643
1746369715.434414,0.0265261899424643
1746369715.4528506,0.0265261899424643
1746369715.470741,0.0265261899424643
1746369715.488426,0.0265261899424643
1746369715.5060797,0.0265261899424643
1746369715.5239704,0.0265261899424643
1746369715.5420468,0.0265261899424643
1746369715.5601935,0.0265261899424643
1746369715.5779,0.0265261899424643
1746369715.5956302,0.0265261899424643
1746369715.6131666,0.0265261899424643
1746369715.632058,0.0265261899424643
1746369715.6497412,0.0268997982515131
1746369715.6674,0.0268997982515131
1746369715.68497,0.0268997982515131
1746369715.702587,0.0272734065605618
1746369715.7201605,0.0272734065605618
1746369715.737857,0.0272734065605618
1746369715.7556348,0.0272734065605618
1746369715.7734687,0.0272734065605618
1746369715.7910645,0.0272734065605618
1746369715.8086734,0.0272734065605618
1746369715.826297,0.0272734065605618
1746369715.8451016,0.0272734065605618
1746369715.8628178,0.0272734065605618
1746369715.8804605,0.0272734065605618
1746369715.8987336,0.0272734065605618
1746369715.9164507,0.0272734065605618
1746369715.9341323,0.0276470148696107
1746369715.9518464,0.0276470148696107
1746369715.9697213,0.0276470148696107
1746369715.9873357,0.0280206231786595
1746369716.0049942,0.0280206231786595
1746369716.022643,0.0280206231786595
1746369716.040301,0.0280206231786595
1746369716.0579505,0.0280206231786595
1746369716.075534,0.0280206231786595
1746369716.093156,0.0280206231786595
1746369716.1107244,0.0280206231786595
1746369716.1282918,0.0280206231786595
1746369716.145878,0.0280206231786595
1746369716.16355,0.0280206231786595
1746369716.1814146,0.0280206231786595
1746369716.1991036,0.0280206231786595
1746369716.2168863,0.0283942314877082
1746369716.234571,0.0283942314877082
1746369716.2523713,0.0283942314877082
1746369716.2701128,0.0287678397967571
1746369716.2878275,0.0287678397967571
1746369716.3056202,0.0287678397967571
1746369716.3232656,0.0287678397967571
1746369716.3410048,0.0287678397967571
1746369716.3588548,0.0287678397967571
1746369716.376676,0.0287678397967571
1746369716.394981,0.0287678397967571
1746369716.412829,0.0287678397967571
1746369716.430549,0.0287678397967571
1746369716.4483323,0.0287678397967571
1746369716.466121,0.0287678397967571
1746369716.4839413,0.0287678397967571
1746369716.501672,0.0291414481058058
1746369716.5194156,0.0291414481058058
1746369716.5370767,0.0291414481058058
1746369716.5548072,0.0295150564148546
1746369716.5728106,0.0295150564148546
1746369716.5908954,0.0295150564148546
1746369716.6085806,0.0295150564148546
1746369716.6263263,0.0295150564148546
1746369716.6440334,0.0295150564148546
1746369716.661847,0.0295150564148546
1746369716.679634,0.0295150564148546
1746369716.697395,0.0295150564148546
1746369716.7151537,0.0295150564148546
1746369716.7329123,0.0295150564148546
1746369716.7514727,0.0295150564148546
1746369716.769832,0.0295150564148546
1746369716.78787,0.0298886647239035
1746369716.8055296,0.0298886647239035
1746369716.8233364,0.0298886647239035
1746369716.8411546,0.0302622730329522
1746369716.8588276,0.0302622730329522
1746369716.8765798,0.0302622730329522
1746369716.8943534,0.0302622730329522
1746369716.9121056,0.0302622730329522
1746369716.9298632,0.0302622730329522
1746369716.9480598,0.0302622730329522
1746369716.9657807,0.0302622730329522
1746369716.9836469,0.0302622730329522
1746369717.0016584,0.0302622730329522
1746369717.01996,0.0302622730329522
1746369717.037751,0.0302622730329522
1746369717.0560308,0.0302622730329522
1746369717.073966,0.030635881342001
1746369717.0918598,0.030635881342001
1746369717.110568,0.030635881342001
1746369717.12843,0.0310094896510498
1746369717.146217,0.0310094896510498
1746369717.1641192,0.0310094896510498
1746369717.1824875,0.0310094896510498
1746369717.200422,0.0310094896510498
1746369717.2184618,0.0310094896510498
1746369717.2363162,0.0310094896510498
1746369717.2545807,0.0310094896510498
1746369717.2728758,0.0310094896510498
1746369717.2905557,0.0310094896510498
1746369717.3086295,0.0310094896510498
1746369717.3263566,0.0310094896510498
1746369717.344175,0.0310094896510498
1746369717.362115,0.0313830979600986
1746369717.380566,0.0313830979600986
1746369717.3983216,0.0313830979600986
1746369717.4164464,0.0317567062691473
1746369717.434997,0.0317567062691473
1746369717.4528017,0.0317567062691473
1746369717.4708014,0.0317567062691473
1746369717.4890046,0.0317567062691473
1746369717.5067828,0.0317567062691473
1746369717.5245836,0.0317567062691473
1746369717.5431824,0.0317567062691473
1746369717.5609777,0.0317567062691473
1746369717.578751,0.0317567062691473
1746369717.5965858,0.0317567062691473
1746369717.61482,0.0317567062691473
1746369717.6330285,0.0317567062691473
1746369717.6508424,0.0321303145781962
1746369717.6686468,0.0321303145781962
1746369717.686333,0.0280953448404692
1746369717.7044358,0.028468953149518
1746369717.7223234,0.028468953149518
1746369717.739906,0.028468953149518
1746369717.7579193,0.028468953149518
1746369717.7762933,0.028468953149518
1746369717.7938645,0.028468953149518
1746369717.811507,0.028468953149518
1746369717.8297946,0.028468953149518
1746369717.847492,0.028468953149518
1746369717.8650415,0.028468953149518
1746369717.8832428,0.028468953149518
1746369717.901251,0.028468953149518
1746369717.9188402,0.028468953149518
1746369717.936509,0.0287678397967571
1746369717.9542286,0.0287678397967571
1746369717.972654,0.0287678397967571
1746369717.9905758,0.0291414481058058
1746369718.0084891,0.0291414481058058
1746369718.0267763,0.0291414481058058
1746369718.0446591,0.0291414481058058
1746369718.0621877,0.0291414481058058
1746369718.0797927,0.0291414481058058
1746369718.097359,0.0291414481058058
1746369718.114925,0.0291414481058058
1746369718.132468,0.0291414481058058
1746369718.1499977,0.0291414481058058
1746369718.1675403,0.0291414481058058
1746369718.185144,0.0291414481058058
1746369718.202692,0.0291414481058058
1746369718.2202742,0.0294403347530448
1746369718.238304,0.0294403347530448
1746369718.2561705,0.0294403347530448
1746369718.273803,0.0298139430620937
1746369718.2914796,0.0298139430620937
1746369718.3090577,0.0298139430620937
1746369718.326582,0.0298139430620937
1746369718.3442123,0.0298139430620937
1746369718.3617938,0.0298139430620937
1746369718.3795245,0.0298139430620937
1746369718.3971157,0.0298139430620937
1746369718.4146738,0.0298139430620937
1746369718.4322166,0.0298139430620937
1746369718.449849,0.0298139430620937
1746369718.4677558,0.0298139430620937
1746369718.4852912,0.0298139430620937
1746369718.502964,0.0301128297093327
1746369718.520532,0.0301128297093327
1746369718.5388725,0.0301128297093327
1746369718.556513,0.0304864380183815
1746369718.5743887,0.0304864380183815
1746369718.591956,0.0304864380183815
1746369718.6096103,0.0304864380183815
1746369718.6271954,0.0304864380183815
1746369718.6447518,0.0304864380183815
1746369718.6630611,0.0304864380183815
1746369718.6807475,0.0304864380183815
1746369718.6982956,0.0304864380183815
1746369718.7160366,0.0304864380183815
1746369718.733634,0.0304864380183815
1746369718.7512374,0.0304864380183815
1746369718.7688465,0.0304864380183815
1746369718.786411,0.0307853246656205
1746369718.8039913,0.0307853246656205
1746369718.8216152,0.0307853246656205
1746369718.839182,0.0311589329746693
1746369718.8568454,0.0311589329746693
1746369718.8748455,0.0311589329746693
1746369718.8924124,0.0311589329746693
1746369718.9099927,0.0311589329746693
1746369718.9276428,0.0311589329746693
1746369718.945197,0.0311589329746693
1746369718.9627447,0.0311589329746693
1746369718.9802806,0.0311589329746693
1746369718.997785,0.0311589329746693
1746369719.0156837,0.0311589329746693
1746369719.0333643,0.0311589329746693
1746369719.0510323,0.0311589329746693
1746369719.068805,0.0314578196219084
1746369719.086545,0.0314578196219084
1746369719.1045244,0.0314578196219084
1746369719.1221776,0.0318314279309571
1746369719.139828,0.0318314279309571
1746369719.157343,0.0318314279309571
1746369719.1749735,0.0318314279309571
1746369719.1926892,0.0318314279309571
1746369719.2102802,0.0318314279309571
1746369719.2278705,0.0318314279309571
1746369719.2454677,0.0318314279309571
1746369719.2630131,0.0318314279309571
1746369719.2806988,0.0318314279309571
1746369719.298282,0.0318314279309571
1746369719.315826,0.0318314279309571
1746369719.3333278,0.0318314279309571
1746369719.350919,0.0321303145781962
1746369719.368548,0.0321303145781962
1746369719.3863971,0.0321303145781962
1746369719.4041157,0.032503922887245
1746369719.4217374,0.032503922887245
1746369719.4393454,0.032503922887245
1746369719.4569736,0.032503922887245
1746369719.474517,0.032503922887245
1746369719.492175,0.032503922887245
1746369719.5101378,0.032503922887245
1746369719.5277736,0.032503922887245
1746369719.5454278,0.032503922887245
1746369719.563014,0.032503922887245
1746369719.5814023,0.032503922887245
1746369719.599053,0.032503922887245
1746369719.6167269,0.032503922887245
1746369719.634275,0.032802809534484
1746369719.6519067,0.032802809534484
1746369719.6694684,0.032802809534484
1746369719.6871035,0.0331764178435328
1746369719.7046902,0.0331764178435328
1746369719.7224543,0.0331764178435328
1746369719.7400143,0.0331764178435328
1746369719.7575498,0.0331764178435328
1746369719.7751353,0.0331764178435328
1746369719.792741,0.0331764178435328
1746369719.8103266,0.0331764178435328
1746369719.8278608,0.0331764178435328
1746369719.8454204,0.0331764178435328
1746369719.863015,0.0331764178435328
1746369719.8806238,0.0331764178435328
1746369719.8983183,0.0331764178435328
1746369719.9160736,0.0334753044907718
1746369719.9339426,0.0334753044907718
1746369719.9515295,0.0334753044907718
1746369719.96915,0.0338489127998207
1746369719.9867585,0.0338489127998207
1746369720.0042777,0.0338489127998207
1746369720.0218709,0.0338489127998207
1746369720.039403,0.0338489127998207
1746369720.0569625,0.0338489127998207
1746369720.074687,0.0338489127998207
1746369720.092683,0.0338489127998207
1746369720.1103268,0.0338489127998207
1746369720.128007,0.0338489127998207
1746369720.1459122,0.0338489127998207
1746369720.1635213,0.0338489127998207
1746369720.1811185,0.0338489127998207
1746369720.198876,0.0341477994470597
1746369720.2164664,0.0341477994470597
1746369720.2345576,0.0341477994470597
1746369720.2523906,0.0345214077561084
1746369720.2699778,0.0345214077561084
1746369720.2876906,0.0345214077561084
1746369720.3053277,0.0345214077561084
1746369720.3237388,0.0345214077561084
1746369720.3413136,0.0345214077561084
1746369720.3588266,0.0345214077561084
1746369720.3763611,0.0345214077561084
1746369720.393957,0.0345214077561084
1746369720.4115796,0.0345214077561084
1746369720.4291449,0.0345214077561084
1746369720.4467068,0.0345214077561084
1746369720.464316,0.0345214077561084
1746369720.4818842,0.0348202944033475
1746369720.4994311,0.0348202944033475
1746369720.5170913,0.0348202944033475
1746369720.534706,0.0351939027123963
1746369720.5527124,0.0351939027123963
1746369720.5704489,0.0351939027123963
1746369720.5880957,0.0351939027123963
1746369720.605743,0.0351939027123963
1746369720.6233726,0.0351939027123963
1746369720.6410124,0.0351939027123963
1746369720.659661,0.0351939027123963
1746369720.677379,0.0351939027123963
1746369720.6949816,0.0351939027123963
1746369720.7126126,0.0351939027123963
1746369720.7302508,0.0351939027123963
1746369720.74798,0.0351939027123963
1746369720.7657611,0.0354927893596354
1746369720.7832568,0.0354927893596354
1746369720.800716,0.0354927893596354
1746369720.8182132,0.0358663976686841
1746369720.8358562,0.0358663976686841
1746369720.8534763,0.0358663976686841
1746369720.871097,0.0358663976686841
1746369720.888725,0.0358663976686841
1746369720.906335,0.0358663976686841
1746369720.924037,0.0358663976686841
1746369720.9416292,0.0358663976686841
1746369720.959254,0.0358663976686841
1746369720.9771123,0.0358663976686841
1746369720.9946723,0.0358663976686841
1746369721.0122647,0.0358663976686841
1746369721.0298958,0.0358663976686841
1746369721.0475185,0.0361652843159231
1746369721.0651298,0.0361652843159231
1746369721.082739,0.0361652843159231
1746369721.1002269,0.036538892624972
1746369721.1177895,0.036538892624972
1746369721.1353314,0.036538892624972
1746369721.1529195,0.036538892624972
1746369721.1705658,0.036538892624972
1746369721.1884527,0.036538892624972
1746369721.2060018,0.036538892624972
1746369721.2235353,0.036538892624972
1746369721.2410672,0.036538892624972
1746369721.2594352,0.036538892624972
1746369721.2770934,0.036538892624972
1746369721.2946622,0.036538892624972
1746369721.3122642,0.036538892624972
1746369721.329835,0.0368377792722109
1746369721.3473833,0.0368377792722109
1746369721.3649693,0.0368377792722109
1746369721.3826478,0.0372113875812598
1746369721.4004693,0.0372113875812598
1746369721.4180105,0.0372113875812598
1746369721.435575,0.0372113875812598
1746369721.4530947,0.0372113875812598
1746369721.4714253,0.0372113875812598
1746369721.4890287,0.0372113875812598
1746369721.5065224,0.0372113875812598
1746369721.5240912,0.0372113875812598
1746369721.5416973,0.0372113875812598
1746369721.559337,0.0372113875812598
1746369721.5769331,0.0372113875812598
1746369721.5945876,0.0372113875812598
1746369721.6129446,0.0375102742284988
1746369721.6309576,0.0375102742284988
1746369721.6485171,0.0375102742284988
1746369721.666134,0.0378838825375476
1746369721.6837924,0.0378838825375476
1746369721.7014062,0.0378838825375476
1746369721.719201,0.0378838825375476
1746369721.7367833,0.0378838825375476
1746369721.7543235,0.0378838825375476
1746369721.771888,0.0378838825375476
1746369721.7894511,0.0378838825375476
1746369721.8070328,0.0378838825375476
1746369721.8246503,0.0378838825375476
1746369721.842215,0.0378838825375476
1746369721.8597856,0.0378838825375476
1746369721.877425,0.0378838825375476
1746369721.8950243,0.0381827691847866
1746369721.912572,0.0381827691847866
1746369721.9301307,0.0381827691847866
1746369721.9478605,0.0385563774938354
1746369721.96544,0.0385563774938354
1746369721.9830391,0.0385563774938354
1746369722.000613,0.0385563774938354
1746369722.018251,0.0385563774938354
1746369722.0361576,0.0385563774938354
1746369722.053784,0.0385563774938354
1746369722.0713751,0.0385563774938354
1746369722.0890732,0.0385563774938354
1746369722.1067991,0.0385563774938354
1746369722.1247523,0.0385563774938354
1746369722.142392,0.0385563774938354
1746369722.1600742,0.0385563774938354
1746369722.1781,0.0388552641410745
1746369722.195815,0.0388552641410745
1746369722.213478,0.0388552641410745
1746369722.2310922,0.0392288724501233
1746369722.2487223,0.0392288724501233
1746369722.2662838,0.0392288724501233
1746369722.283857,0.0392288724501233
1746369722.3019905,0.0392288724501233
1746369722.3195636,0.0392288724501233
1746369722.3371575,0.0392288724501233
1746369722.3547208,0.0392288724501233
1746369722.3722954,0.0392288724501233
1746369722.3899229,0.0392288724501233
1746369722.407608,0.0392288724501233
1746369722.4254344,0.0392288724501233
1746369722.4431088,0.0392288724501233
1746369722.4607873,0.0395277590973622
1746369722.478404,0.0395277590973622
1746369722.49605,0.0395277590973622
1746369722.513702,0.0399013674064111
1746369722.531374,0.0399013674064111
1746369722.54906,0.0399013674064111
1746369722.566703,0.0399013674064111
1746369722.5843513,0.0399013674064111
1746369722.601943,0.0399013674064111
1746369722.6196363,0.0399013674064111
1746369722.6381574,0.0399013674064111
1746369722.655856,0.0399013674064111
1746369722.673592,0.0399013674064111
1746369722.691316,0.0399013674064111
1746369722.7090364,0.0399013674064111
1746369722.7267866,0.0399013674064111
1746369722.7444556,0.0402002540536501
1746369722.7621326,0.0402002540536501
1746369722.7803483,0.0402002540536501
1746369722.7980402,0.040573862362699
1746369722.815713,0.040573862362699
1746369722.8336153,0.040573862362699
1746369722.8516767,0.040573862362699
1746369722.869376,0.040573862362699
1746369722.8875144,0.040573862362699
1746369722.9051857,0.040573862362699
1746369722.9228024,0.040573862362699
1746369722.9404557,0.040573862362699
1746369722.958096,0.040573862362699
1746369722.9758077,0.040573862362699
1746369722.9934585,0.040573862362699
1746369723.0111637,0.040573862362699
1746369723.0289314,0.0408727490099379
1746369723.046929,0.0408727490099379
1746369723.064715,0.0408727490099379
1746369723.082517,0.0412463573189867
1746369723.1002886,0.0412463573189867
1746369723.1180742,0.0412463573189867
1746369723.135802,0.0412463573189867
1746369723.1535468,0.0412463573189867
1746369723.1713398,0.0412463573189867
1746369723.1891832,0.0412463573189867
1746369723.2068567,0.0412463573189867
1746369723.2247126,0.0412463573189867
1746369723.2428882,0.0412463573189867
1746369723.26062,0.0412463573189867
1746369723.2783482,0.0412463573189867
1746369723.296106,0.0412463573189867
1746369723.313807,0.0415452439662258
1746369723.3314972,0.0415452439662258
1746369723.3491838,0.0415452439662258
1746369723.3669672,0.0419188522752745
1746369723.384723,0.0419188522752745
1746369723.4024954,0.0419188522752745
1746369723.4202197,0.0419188522752745
1746369723.43798,0.0419188522752745
1746369723.4559116,0.0419188522752745
1746369723.474989,0.0419188522752745
1746369723.4927995,0.0419188522752745
1746369723.511607,0.0419188522752745
1746369723.5293174,0.0419188522752745
1746369723.5470965,0.0419188522752745
1746369723.565323,0.0419188522752745
1746369723.5831115,0.0419188522752745
1746369723.6008716,0.0422177389225136
1746369723.6186874,0.0422177389225136
1746369723.6365056,0.0422177389225136
1746369723.6546514,0.0425913472315624
1746369723.6723735,0.0425913472315624
1746369723.6901414,0.0425913472315624
1746369723.7079024,0.0425913472315624
1746369723.7257073,0.0425913472315624
1746369723.743431,0.0425913472315624
1746369723.7611823,0.0425913472315624
1746369723.778942,0.0425913472315624
1746369723.7967603,0.0425913472315624
1746369723.8145423,0.0425913472315624
1746369723.8323383,0.0425913472315624
1746369723.8503373,0.0425913472315624
1746369723.8684666,0.0425913472315624
1746369723.886384,0.0428902338788014
1746369723.9043748,0.0428902338788014
1746369723.922226,0.0428902338788014
1746369723.940144,0.0432638421878502
1746369723.9579709,0.0432638421878502
1746369723.9757826,0.0432638421878502
1746369723.993539,0.0432638421878502
1746369724.011341,0.0432638421878502
1746369724.0291555,0.0432638421878502
1746369724.0470262,0.0432638421878502
1746369724.065096,0.0432638421878502
1746369724.0828605,0.0432638421878502
1746369724.1006746,0.0432638421878502
1746369724.1185207,0.0432638421878502
1746369724.1363544,0.0432638421878502
1746369724.154178,0.0432638421878502
1746369724.1720366,0.0435627288350892
1746369724.1899118,0.0435627288350892
1746369724.207733,0.0435627288350892
1746369724.2255847,0.0439363371441381
1746369724.243466,0.0439363371441381
1746369724.261612,0.0439363371441381
1746369724.2794116,0.0439363371441381
1746369724.297295,0.0439363371441381
1746369724.3151984,0.0439363371441381
1746369724.3330698,0.0439363371441381
1746369724.3506727,0.0381827691847866
1746369724.3687494,0.0381827691847866
1746369724.3860402,0.0381827691847866
1746369724.4033947,0.0381827691847866
1746369724.4211535,0.0381827691847866
1746369724.4385695,0.0381827691847866
1746369724.4560082,0.0384069341702159
1746369724.4735787,0.0384069341702159
1746369724.490915,0.0384069341702159
1746369724.5081933,0.0387805424792647
1746369724.5255196,0.0387805424792647
1746369724.542819,0.0387805424792647
1746369724.5600903,0.0387805424792647
1746369724.5773475,0.0387805424792647
1746369724.594641,0.0387805424792647
1746369724.611934,0.0387805424792647
1746369724.6292012,0.0387805424792647
1746369724.646491,0.0387805424792647
1746369724.6639032,0.0387805424792647
1746369724.6816645,0.0387805424792647
1746369724.6990027,0.0387805424792647
1746369724.716356,0.0387805424792647
1746369724.7337415,0.0390047074646939
1746369724.7510345,0.0390047074646939
1746369724.7684774,0.0390047074646939
1746369724.7859254,0.0393783157737428
1746369724.8033457,0.0393783157737428
1746369724.820992,0.0393783157737428
1746369724.8384151,0.0393783157737428
1746369724.8562665,0.0393783157737428
1746369724.873864,0.0393783157737428
1746369724.8912332,0.0393783157737428
1746369724.9090247,0.0393783157737428
1746369724.926397,0.0393783157737428
1746369724.9441102,0.0393783157737428
1746369724.9614887,0.0393783157737428
1746369724.979342,0.0393783157737428
1746369724.997076,0.0393783157737428
1746369725.0144205,0.039602480759172
1746369725.0318046,0.039602480759172
1746369725.0491817,0.039602480759172
1746369725.066502,0.0399760890682209
1746369725.0838466,0.0399760890682209
1746369725.1013153,0.0399760890682209
1746369725.118578,0.0399760890682209
1746369725.1359107,0.0399760890682209
1746369725.153165,0.0399760890682209
1746369725.1703875,0.0399760890682209
1746369725.188079,0.0399760890682209
1746369725.2053835,0.0399760890682209
1746369725.2227209,0.0399760890682209
1746369725.2400095,0.0399760890682209
1746369725.2572775,0.0399760890682209
1746369725.2746005,0.0399760890682209
1746369725.2922418,0.0402002540536501
1746369725.309551,0.0402002540536501
1746369725.3268871,0.0402002540536501
1746369725.3441198,0.040573862362699
1746369725.3615344,0.040573862362699
1746369725.3791862,0.040573862362699
1746369725.396993,0.040573862362699
1746369725.415007,0.040573862362699
1746369725.4323633,0.040573862362699
1746369725.450183,0.040573862362699
1746369725.4680932,0.040573862362699
1746369725.485673,0.040573862362699
1746369725.503035,0.040573862362699
1746369725.5207074,0.040573862362699
1746369725.538283,0.040573862362699
1746369725.5563347,0.040573862362699
1746369725.5737984,0.0407980273481282
1746369725.5912905,0.0407980273481282
1746369725.6088758,0.0407980273481282
1746369725.6265326,0.0411716356571769
1746369725.6439493,0.0411716356571769
1746369725.6612687,0.0411716356571769
1746369725.6787214,0.0411716356571769
1746369725.696065,0.0411716356571769
1746369725.7133434,0.0411716356571769
1746369725.7313335,0.0411716356571769
1746369725.749207,0.0411716356571769
1746369725.7673044,0.0411716356571769
1746369725.7850049,0.0411716356571769
1746369725.8030162,0.0411716356571769
1746369725.8208084,0.0411716356571769
1746369725.8381348,0.0411716356571769
1746369725.8555722,0.0413958006426062
1746369725.873089,0.0413958006426062
1746369725.8908012,0.0413958006426062
1746369725.9084015,0.041769408951655
1746369725.925943,0.041769408951655
1746369725.9433644,0.041769408951655
1746369725.961791,0.041769408951655
1746369725.9796245,0.041769408951655
1746369725.9970353,0.041769408951655
1746369726.014356,0.041769408951655
1746369726.0322647,0.041769408951655
1746369726.0497124,0.041769408951655
1746369726.067395,0.041769408951655
1746369726.08486,0.041769408951655
1746369726.12203,0.041769408951655
1746369726.1394153,0.041769408951655
1746369726.1567874,0.0419935739370843
1746369726.174213,0.0419935739370843
1746369726.191626,0.0419935739370843
1746369726.2090962,0.0423671822461331
1746369726.2267096,0.0423671822461331
1746369726.2440674,0.0423671822461331
1746369726.2614307,0.0423671822461331
1746369726.2788212,0.0423671822461331
1746369726.296487,0.0423671822461331
1746369726.3139167,0.0423671822461331
1746369726.331378,0.0423671822461331
1746369726.3487632,0.0423671822461331
1746369726.366238,0.0423671822461331
1746369726.3836186,0.0423671822461331
1746369726.4010649,0.0423671822461331
1746369726.418422,0.0423671822461331
1746369726.4357908,0.0425913472315624
1746369726.4535952,0.0425913472315624
1746369726.4710562,0.0425913472315624
1746369726.4889705,0.0429649555406111
1746369726.5065365,0.0429649555406111
1746369726.5240514,0.0429649555406111
1746369726.5413387,0.0429649555406111
1746369726.5587535,0.0429649555406111
1746369726.5760205,0.0429649555406111
1746369726.5933988,0.0429649555406111
1746369726.6107457,0.0429649555406111
1746369726.6281133,0.0429649555406111
1746369726.6454911,0.0429649555406111
1746369726.6628728,0.0429649555406111
1746369726.6801789,0.0429649555406111
1746369726.6976924,0.0429649555406111
1746369726.715356,0.0431891205260405
1746369726.7327049,0.0431891205260405
1746369726.7501302,0.0431891205260405
1746369726.7675414,0.0435627288350892
1746369726.784892,0.0435627288350892
1746369726.8023956,0.0435627288350892
1746369726.8197346,0.0435627288350892
1746369726.8370745,0.0435627288350892
1746369726.8544347,0.0435627288350892
1746369726.871796,0.0435627288350892
1746369726.8891346,0.0435627288350892
1746369726.906553,0.0435627288350892
1746369726.9241388,0.0435627288350892
1746369726.9415653,0.0435627288350892
1746369726.9588814,0.0435627288350892
1746369726.976308,0.0435627288350892
1746369726.9942756,0.0437868938205185
1746369727.0116525,0.0437868938205185
1746369727.0290103,0.0437868938205185
1746369727.0463974,0.0441605021295673
1746369727.0637608,0.0441605021295673
1746369727.0811424,0.0441605021295673
1746369727.0985336,0.0441605021295673
1746369727.1164284,0.0441605021295673
1746369727.1339705,0.0441605021295673
1746369727.1516273,0.0441605021295673
1746369727.1692214,0.0441605021295673
1746369727.1873727,0.0441605021295673
1746369727.2047772,0.0441605021295673
1746369727.222562,0.0441605021295673
1746369727.2402823,0.0441605021295673
1746369727.2580204,0.0441605021295673
1746369727.275355,0.0443846671149966
1746369727.2928407,0.0443846671149966
1746369727.3103251,0.0443846671149966
1746369727.327989,0.0447582754240454
1746369727.3453236,0.0447582754240454
1746369727.36268,0.0447582754240454
1746369727.3800166,0.0447582754240454
1746369727.3973722,0.0447582754240454
1746369727.4151657,0.0447582754240454
1746369727.4325497,0.0447582754240454
1746369727.449945,0.0447582754240454
1746369727.4673328,0.0447582754240454
1746369727.4847198,0.0447582754240454
1746369727.5021722,0.0447582754240454
1746369727.5195687,0.0447582754240454
1746369727.5372095,0.0447582754240454
1746369727.5545845,0.0449824404094747
1746369727.5726297,0.0449824404094747
1746369727.590018,0.0449824404094747
1746369727.6075048,0.0453560487185235
1746369727.624844,0.0453560487185235
1746369727.6422615,0.0453560487185235
1746369727.659681,0.0453560487185235
1746369727.6770024,0.0453560487185235
1746369727.6944003,0.0453560487185235
1746369727.7126956,0.0453560487185235
1746369727.7306902,0.0453560487185235
1746369727.7480342,0.0453560487185235
1746369727.7656243,0.0453560487185235
1746369727.7830455,0.0453560487185235
1746369727.8007052,0.0453560487185235
1746369727.8182974,0.0453560487185235
1746369727.8360472,0.0455802137039528
1746369727.8537276,0.0455802137039528
1746369727.871051,0.0455802137039528
1746369727.8887465,0.0459538220130015
1746369727.9061365,0.0459538220130015
1746369727.9240737,0.0459538220130015
1746369727.9417088,0.0459538220130015
1746369727.959087,0.0459538220130015
1746369727.976946,0.0459538220130015
1746369727.9943457,0.0459538220130015
1746369728.012099,0.0459538220130015
1746369728.0297074,0.0459538220130015
1746369728.047095,0.0459538220130015
1746369728.0650668,0.0459538220130015
1746369728.0834334,0.0459538220130015
1746369728.101381,0.0459538220130015
1746369728.1192777,0.0461779869984309
1746369728.136715,0.0461779869984309
1746369728.1542711,0.0461779869984309
1746369728.1723368,0.0465515953074796
1746369728.1899629,0.0465515953074796
1746369728.207718,0.0465515953074796
1746369728.2250826,0.0465515953074796
1746369728.2425804,0.0465515953074796
1746369728.2599478,0.0465515953074796
1746369728.277375,0.0465515953074796
1746369728.294773,0.0465515953074796
1746369728.3123262,0.0465515953074796
1746369728.3297956,0.0465515953074796
1746369728.3475063,0.0465515953074796
1746369728.3650134,0.0465515953074796
1746369728.3827124,0.0465515953074796
1746369728.4004142,0.0467757602929088
1746369728.4186742,0.0467757602929088
1746369728.4365642,0.0467757602929088
1746369728.4542356,0.0471493686019577
1746369728.471894,0.0471493686019577
1746369728.4899402,0.0471493686019577
1746369728.507755,0.0471493686019577
1746369728.5253818,0.0471493686019577
1746369728.5429704,0.0471493686019577
1746369728.5611455,0.0471493686019577
1746369728.578911,0.0471493686019577
1746369728.596312,0.0471493686019577
1746369728.614148,0.0471493686019577
1746369728.632197,0.0471493686019577
1746369728.64966,0.0471493686019577
1746369728.6670516,0.0471493686019577
1746369728.6848946,0.0473735335873869
1746369728.702294,0.0473735335873869
1746369728.7196977,0.0473735335873869
1746369728.7383242,0.0477471418964358
1746369728.7559862,0.0477471418964358
1746369728.7734523,0.0477471418964358
1746369728.7908003,0.0477471418964358
1746369728.8085878,0.0477471418964358
1746369728.826085,0.0477471418964358
1746369728.8439784,0.0477471418964358
1746369728.8616755,0.0477471418964358
1746369728.8792589,0.0477471418964358
1746369728.8976543,0.0477471418964358
1746369728.9158602,0.0477471418964358
1746369728.9338636,0.0477471418964358
1746369728.952768,0.0477471418964358
1746369728.970456,0.047971306881865
1746369728.9880297,0.047971306881865
1746369729.0056086,0.047971306881865
1746369729.023255,0.0483449151909138
1746369729.0411143,0.0483449151909138
1746369729.058635,0.0483449151909138
1746369729.076292,0.0483449151909138
1746369729.0936728,0.0483449151909138
1746369729.1111484,0.0483449151909138
1746369729.1285849,0.0483449151909138
1746369729.1462252,0.0483449151909138
1746369729.1642609,0.0483449151909138
1746369729.181756,0.0483449151909138
1746369729.1992495,0.0483449151909138
1746369729.2172875,0.0483449151909138
1746369729.234859,0.0483449151909138
1746369729.2523162,0.048569080176343
1746369729.2697272,0.048569080176343
1746369729.287586,0.048569080176343
1746369729.3051088,0.0489426884853919
1746369729.3227563,0.0489426884853919
1746369729.3402703,0.0489426884853919
1746369729.3580484,0.0489426884853919
1746369729.3756497,0.0489426884853919
1746369729.3931055,0.0489426884853919
1746369729.4106443,0.0489426884853919
1746369729.4281926,0.0489426884853919
1746369729.445697,0.0489426884853919
1746369729.463277,0.0489426884853919
1746369729.480725,0.0489426884853919
1746369729.4981878,0.0489426884853919
1746369729.516048,0.0489426884853919
1746369729.5335062,0.0491668534708211
1746369729.5514476,0.0491668534708211
1746369729.569121,0.0491668534708211
1746369729.586629,0.04954046177987
1746369729.6043625,0.04954046177987
1746369729.6224194,0.04954046177987
1746369729.640391,0.04954046177987
1746369729.6581745,0.04954046177987
1746369729.6764662,0.04954046177987
1746369729.694512,0.04954046177987
1746369729.7123458,0.04954046177987
1746369729.7299466,0.04954046177987
1746369729.7473342,0.04954046177987
1746369729.7652452,0.04954046177987
1746369729.7829986,0.04954046177987
1746369729.8006337,0.04954046177987
1746369729.8183377,0.0497646267652992
1746369729.8361285,0.0497646267652992
1746369729.853823,0.0497646267652992
1746369729.871443,0.050138235074348
1746369729.888944,0.050138235074348
1746369729.9065516,0.050138235074348
1746369729.9241216,0.050138235074348
1746369729.9421697,0.050138235074348
1746369729.9603531,0.050138235074348
1746369729.9783876,0.050138235074348
1746369729.9959078,0.050138235074348
1746369730.013347,0.050138235074348
1746369730.0308683,0.050138235074348
1746369730.0484874,0.050138235074348
1746369730.065905,0.050138235074348
1746369730.0833986,0.050138235074348
1746369730.1012628,0.0503624000597773
1746369730.119182,0.0503624000597773
1746369730.136959,0.0503624000597773
1746369730.1544662,0.050736008368826
1746369730.1728573,0.050736008368826
1746369730.1906505,0.050736008368826
1746369730.20847,0.050736008368826
1746369730.2260644,0.050736008368826
1746369730.243539,0.050736008368826
1746369730.261538,0.050736008368826
1746369730.2795904,0.050736008368826
1746369730.297711,0.050736008368826
1746369730.315665,0.050736008368826
1746369730.3334298,0.050736008368826
1746369730.3509536,0.050736008368826
1746369730.3689685,0.050736008368826
1746369730.3865843,0.0509601733542554
1746369730.4042752,0.0509601733542554
1746369730.4217792,0.0509601733542554
1746369730.439992,0.0513337816633041
1746369730.4579513,0.0513337816633041
1746369730.4754968,0.0513337816633041
1746369730.4931693,0.0513337816633041
1746369730.5111609,0.0513337816633041
1746369730.5289743,0.0513337816633041
1746369730.546517,0.0513337816633041
1746369730.5643332,0.0513337816633041
1746369730.5819108,0.0513337816633041
1746369730.599725,0.0513337816633041
1746369730.6174235,0.0513337816633041
1746369730.6350052,0.0513337816633041
1746369730.652537,0.0513337816633041
1746369730.6701424,0.0515579466487334
1746369730.687702,0.0515579466487334
1746369730.705232,0.0515579466487334
1746369730.7228456,0.0519315549577822
1746369730.740354,0.0519315549577822
1746369730.758085,0.0519315549577822
1746369730.7757597,0.0519315549577822
1746369730.793395,0.0519315549577822
1746369730.8111224,0.0519315549577822
1746369730.82911,0.0519315549577822
1746369730.8466403,0.0519315549577822
1746369730.8641016,0.0519315549577822
1746369730.8819823,0.0519315549577822
1746369730.8998432,0.0519315549577822
1746369730.9173863,0.0519315549577822
1746369730.9349177,0.0519315549577822
1746369730.9529204,0.0521557199432115
1746369730.9710164,0.0521557199432115
1746369730.988934,0.0521557199432115
1746369731.0066953,0.0525293282522603
1746369731.0241995,0.0525293282522603
1746369731.0418377,0.0525293282522603
1746369731.0593305,0.0525293282522603
1746369731.0769553,0.0525293282522603
1746369731.0944347,0.0525293282522603
1746369731.112065,0.0525293282522603
1746369731.1302907,0.0525293282522603
1746369731.1478364,0.0525293282522603
1746369731.1655972,0.0525293282522603
1746369731.1831837,0.0525293282522603
1746369731.2021234,0.0525293282522603
1746369731.2199614,0.0525293282522603
1746369731.2375555,0.0527534932376896
1746369731.255397,0.0527534932376896
1746369731.2732153,0.0527534932376896
1746369731.2909,0.0531271015467383
1746369731.308683,0.0531271015467383
1746369731.32663,0.0531271015467383
1746369731.344196,0.0531271015467383
1746369731.3617055,0.0531271015467383
1746369731.3795004,0.0531271015467383
1746369731.3973446,0.0531271015467383
1746369731.4150462,0.0531271015467383
1746369731.432902,0.0531271015467383
1746369731.4505718,0.0531271015467383
1746369731.468291,0.0531271015467383
1746369731.4858928,0.0531271015467383
1746369731.5034957,0.0531271015467383
1746369731.5211208,0.0533512665321677
1746369731.538739,0.0533512665321677
1746369731.5563242,0.0533512665321677
1746369731.574091,0.0537248748412164
1746369731.5919416,0.0537248748412164
1746369731.6095586,0.0537248748412164
1746369731.627261,0.0537248748412164
1746369731.644846,0.0537248748412164
1746369731.662335,0.0537248748412164
1746369731.679869,0.0537248748412164
1746369731.697476,0.0537248748412164
1746369731.7150197,0.0537248748412164
1746369731.7327466,0.0537248748412164
1746369731.7507076,0.0537248748412164
1746369731.768647,0.0537248748412164
1746369731.7866583,0.0537248748412164
1746369731.804866,0.0539490398266457
1746369731.8226037,0.0539490398266457
1746369731.8402047,0.0539490398266457
1746369731.8578928,0.0543226481356945
1746369731.8758235,0.0543226481356945
1746369731.8934424,0.0543226481356945
1746369731.911209,0.0543226481356945
1746369731.9289312,0.0543226481356945
1746369731.947005,0.0543226481356945
1746369731.9649727,0.0543226481356945
1746369731.9826703,0.0543226481356945
1746369732.0002367,0.0543226481356945
1746369732.018604,0.0543226481356945
1746369732.0363026,0.0543226481356945
1746369732.054254,0.0543226481356945
1746369732.0721009,0.0543226481356945
1746369732.089686,0.0545468131211238
1746369732.107247,0.0545468131211238
1746369732.125243,0.0545468131211238
1746369732.143301,0.0549204214301726
1746369732.1609478,0.0549204214301726
1746369732.1803432,0.0549204214301726
1746369732.1979263,0.0549204214301726
1746369732.2155485,0.0549204214301726
1746369732.2331877,0.0549204214301726
1746369732.2511055,0.0549204214301726
1746369732.269233,0.0549204214301726
1746369732.2874885,0.0549204214301726
1746369732.3066795,0.0549204214301726
1746369732.3243146,0.0549204214301726
1746369732.3418562,0.0549204214301726
1746369732.3594372,0.0549204214301726
1746369732.376939,0.0551445864156019
1746369732.3945262,0.0551445864156019
1746369732.412122,0.0551445864156019
1746369732.430051,0.0555181947246506
1746369732.4481738,0.0555181947246506
1746369732.4656954,0.0555181947246506
1746369732.4840124,0.0555181947246506
1746369732.5023608,0.0555181947246506
1746369732.5198865,0.0555181947246506
1746369732.538081,0.0555181947246506
1746369732.5562365,0.0555181947246506
1746369732.5739589,0.0555181947246506
1746369732.591969,0.0555181947246506
1746369732.6098864,0.0555181947246506
1746369732.6274247,0.0555181947246506
1746369732.6453805,0.0555181947246506
1746369732.6630757,0.0557423597100799
1746369732.6808372,0.0557423597100799
1746369732.6983733,0.0557423597100799
1746369732.7166054,0.0561159680191287
1746369732.7341723,0.0561159680191287
1746369732.751815,0.0561159680191287
1746369732.7693388,0.0561159680191287
1746369732.786911,0.0561159680191287
1746369732.804487,0.0561159680191287
1746369732.8225868,0.0561159680191287
1746369732.840173,0.0561159680191287
1746369732.8579226,0.0561159680191287
1746369732.8762302,0.0561159680191287
1746369732.893823,0.0561159680191287
1746369732.911321,0.0561159680191287
1746369732.9288929,0.0561159680191287
1746369732.946391,0.0563401330045579
1746369732.9639363,0.0563401330045579
1746369732.982017,0.0563401330045579
1746369733.0001347,0.0567137413136068
1746369733.0181296,0.0567137413136068
1746369733.0361452,0.0567137413136068
1746369733.054025,0.0567137413136068
1746369733.0722013,0.0567137413136068
1746369733.090076,0.0567137413136068
1746369733.1080515,0.0567137413136068
1746369733.1259253,0.0567137413136068
1746369733.1435022,0.0567137413136068
1746369733.1614685,0.0567137413136068
1746369733.179125,0.0567137413136068
1746369733.1971636,0.0567137413136068
1746369733.215099,0.0567137413136068
1746369733.233054,0.056937906299036
1746369733.2512145,0.056937906299036
1746369733.2696774,0.056937906299036
1746369733.2876854,0.0573115146080849
1746369733.3052208,0.0573115146080849
1746369733.3231878,0.0573115146080849
1746369733.3407106,0.0573115146080849
1746369733.3585722,0.0573115146080849
1746369733.3765533,0.0573115146080849
1746369733.3941114,0.0573115146080849
1746369733.411671,0.0573115146080849
1746369733.4297783,0.0573115146080849
1746369733.4473157,0.0573115146080849
1746369733.4651685,0.0573115146080849
1746369733.482853,0.0573115146080849
1746369733.5005727,0.0573115146080849
1746369733.5186565,0.0575356795935141
1746369733.5366886,0.0575356795935141
1746369733.5552263,0.0575356795935141
1746369733.574109,0.057909287902563
1746369733.591656,0.057909287902563
1746369733.6093764,0.057909287902563
1746369733.627272,0.057909287902563
1746369733.6449437,0.057909287902563
1746369733.6628866,0.057909287902563
1746369733.6815531,0.057909287902563
1746369733.7000933,0.057909287902563
1746369733.718102,0.057909287902563
1746369733.735867,0.057909287902563
1746369733.7534134,0.057909287902563
1746369733.7711408,0.057909287902563
1746369733.7888055,0.057909287902563
1746369733.8064322,0.0581334528879922
1746369733.824052,0.0581334528879922
1746369733.8415935,0.0581334528879922
1746369733.8591526,0.058507061197041
1746369733.8766332,0.058507061197041
1746369733.8941927,0.058507061197041
1746369733.9117124,0.058507061197041
1746369733.929404,0.058507061197041
1746369733.9470725,0.058507061197041
1746369733.9647377,0.058507061197041
1746369733.9823427,0.058507061197041
1746369734.0001285,0.058507061197041
1746369734.0178845,0.058507061197041
1746369734.0356834,0.058507061197041
1746369734.0533786,0.058507061197041
1746369734.071154,0.058507061197041
1746369734.0890915,0.0587312261824702
1746369734.1069665,0.0419935739370843
1746369734.125636,0.0419935739370843
1746369734.142988,0.0423671822461331
1746369734.1603436,0.0423671822461331
1746369734.1776235,0.0423671822461331
1746369734.1949768,0.0423671822461331
1746369734.212387,0.0423671822461331
1746369734.2296336,0.0423671822461331
1746369734.247055,0.0423671822461331
1746369734.264506,0.0423671822461331
1746369734.28219,0.0423671822461331
1746369734.2996724,0.0423671822461331
1746369734.3175664,0.0423671822461331
1746369734.3356066,0.0423671822461331
1746369734.353505,0.0423671822461331
1746369734.371015,0.0424419039079428
1746369734.3888433,0.0424419039079428
1746369734.4067512,0.0424419039079428
1746369734.4245582,0.0428155122169917
1746369734.442716,0.0428155122169917
1746369734.460657,0.0428155122169917
1746369734.478392,0.0428155122169917
1746369734.4960384,0.0428155122169917
1746369734.5137568,0.0428155122169917
1746369734.5315647,0.0428155122169917
1746369734.5492923,0.0428155122169917
1746369734.5670123,0.0428155122169917
1746369734.5853467,0.0428155122169917
1746369734.6032262,0.0428155122169917
1746369734.6210232,0.0428155122169917
1746369734.638641,0.0428155122169917
1746369734.6561642,0.0428902338788014
1746369734.6742752,0.0428902338788014
1746369734.6922903,0.0428902338788014
1746369734.7099607,0.0432638421878502
1746369734.7273836,0.0432638421878502
1746369734.7451773,0.0432638421878502
1746369734.7626348,0.0432638421878502
1746369734.7801538,0.0432638421878502
1746369734.7978392,0.0432638421878502
1746369734.815534,0.0432638421878502
1746369734.8336916,0.0432638421878502
1746369734.8516903,0.0432638421878502
1746369734.8695889,0.0432638421878502
1746369734.8874652,0.0432638421878502
1746369734.9052022,0.0432638421878502
1746369734.9229522,0.0432638421878502
1746369734.940641,0.04333856384966
1746369734.958377,0.04333856384966
1746369734.9763608,0.04333856384966
1746369734.9942818,0.0437121721587088
1746369735.0118022,0.0437121721587088
1746369735.0294638,0.0437121721587088
1746369735.0470965,0.0437121721587088
1746369735.0647922,0.0437121721587088
1746369735.0829737,0.0437121721587088
1746369735.100749,0.0437121721587088
1746369735.1189566,0.0437121721587088
1746369735.1371286,0.0437121721587088
1746369735.1544898,0.0437121721587088
1746369735.1723816,0.0437121721587088
1746369735.190173,0.0437121721587088
1746369735.207735,0.0437121721587088
1746369735.2253149,0.0437868938205185
1746369735.2431734,0.0437868938205185
1746369735.2610805,0.0437868938205185
1746369735.278857,0.0441605021295673
1746369735.2965417,0.0441605021295673
1746369735.3145144,0.0441605021295673
1746369735.3322697,0.0441605021295673
1746369735.3501,0.0441605021295673
1746369735.3675623,0.0441605021295673
1746369735.385218,0.0441605021295673
1746369735.402701,0.0441605021295673
1746369735.420398,0.0441605021295673
1746369735.437887,0.0441605021295673
1746369735.45584,0.0441605021295673
1746369735.4737132,0.0441605021295673
1746369735.4913456,0.0441605021295673
1746369735.5091507,0.0442352237913771
1746369735.5271142,0.0442352237913771
1746369735.5445447,0.0442352237913771
1746369735.5623348,0.0446088321004258
1746369735.5800073,0.0446088321004258
1746369735.5978928,0.0446088321004258
1746369735.615522,0.0446088321004258
1746369735.633209,0.0446088321004258
1746369735.650781,0.0446088321004258
1746369735.6684568,0.0446088321004258
1746369735.6858954,0.0446088321004258
1746369735.7033646,0.0446088321004258
1746369735.7209702,0.0446088321004258
1746369735.738503,0.0446088321004258
1746369735.756207,0.0446088321004258
1746369735.774232,0.0446088321004258
1746369735.7919142,0.0446835537622356
1746369735.8097038,0.0446835537622356
1746369735.8276453,0.0446835537622356
1746369735.8455002,0.0450571620712845
1746369735.862954,0.0450571620712845
1746369735.8805642,0.0450571620712845
1746369735.8985374,0.0450571620712845
1746369735.916557,0.0450571620712845
1746369735.934208,0.0450571620712845
1746369735.9518282,0.0450571620712845
1746369735.969444,0.0450571620712845
1746369735.9876175,0.0450571620712845
1746369736.0058908,0.0450571620712845
1746369736.023648,0.0450571620712845
1746369736.0415373,0.0450571620712845
1746369736.0592768,0.0450571620712845
1746369736.0770054,0.0451318837330941
1746369736.0947683,0.0451318837330941
1746369736.1126034,0.0451318837330941
1746369736.1311362,0.045505492042143
1746369736.1487138,0.045505492042143
1746369736.1667228,0.045505492042143
1746369736.1844757,0.045505492042143
1746369736.2024317,0.045505492042143
1746369736.2202966,0.045505492042143
1746369736.238027,0.045505492042143
1746369736.2557442,0.045505492042143
1746369736.2733078,0.045505492042143
1746369736.290932,0.045505492042143
1746369736.308436,0.045505492042143
1746369736.3263457,0.045505492042143
1746369736.3440278,0.045505492042143
1746369736.3618507,0.0455802137039528
1746369736.379672,0.0455802137039528
1746369736.3975458,0.0455802137039528
1746369736.4151502,0.0459538220130015
1746369736.4331436,0.0459538220130015
1746369736.4508233,0.0459538220130015
1746369736.468555,0.0459538220130015
1746369736.4864664,0.0459538220130015
1746369736.5041914,0.0459538220130015
1746369736.5219784,0.0459538220130015
1746369736.5402849,0.0459538220130015
1746369736.5580332,0.0459538220130015
1746369736.575579,0.0459538220130015
1746369736.593111,0.0459538220130015
1746369736.6107876,0.0459538220130015
1746369736.6287675,0.0459538220130015
1746369736.6461768,0.0460285436748113
1746369736.6635928,0.0460285436748113
1746369736.6812885,0.0460285436748113
1746369736.6991713,0.0464021519838601
1746369736.716612,0.0464021519838601
1746369736.734275,0.0464021519838601
1746369736.7522058,0.0464021519838601
1746369736.769866,0.0464021519838601
1746369736.7874036,0.0464021519838601
1746369736.805018,0.0464021519838601
1746369736.822465,0.0464021519838601
1746369736.8400035,0.0464021519838601
1746369736.8574588,0.0464021519838601
1746369736.8754258,0.0464021519838601
1746369736.893458,0.0464021519838601
1746369736.9112346,0.0464021519838601
1746369736.9293864,0.0464768736456698
1746369736.9471104,0.0464768736456698
1746369736.965165,0.0464768736456698
1746369736.9829311,0.0468504819547186
1746369737.0005252,0.0468504819547186
1746369737.018291,0.0468504819547186
1746369737.0358453,0.0468504819547186
1746369737.053524,0.0468504819547186
1746369737.0711288,0.0468504819547186
1746369737.0887933,0.0468504819547186
1746369737.106275,0.0468504819547186
1746369737.1238298,0.0468504819547186
1746369737.141291,0.0468504819547186
1746369737.159294,0.0468504819547186
1746369737.1771455,0.0468504819547186
1746369737.1949244,0.0468504819547186
1746369737.2127137,0.0469252036165284
1746369737.2310717,0.0469252036165284
1746369737.2487514,0.0469252036165284
1746369737.2666764,0.0472988119255772
1746369737.284356,0.0472988119255772
1746369737.302206,0.0472988119255772
1746369737.3201787,0.0472988119255772
1746369737.338054,0.0472988119255772
1746369737.3558075,0.0472988119255772
1746369737.373754,0.0472988119255772
1746369737.3915737,0.0472988119255772
1746369737.409403,0.0472988119255772
1746369737.4270866,0.0472988119255772
1746369737.4447896,0.0472988119255772
1746369737.4626842,0.0472988119255772
1746369737.480444,0.0472988119255772
1746369737.498363,0.0473735335873869
1746369737.516456,0.0473735335873869
1746369737.5344827,0.0473735335873869
1746369737.5524404,0.0477471418964358
1746369737.5703013,0.0477471418964358
1746369737.5879755,0.0477471418964358
1746369737.605564,0.0477471418964358
1746369737.6233716,0.0477471418964358
1746369737.641149,0.0477471418964358
1746369737.658893,0.0477471418964358
1746369737.6765711,0.0477471418964358
1746369737.6945968,0.0477471418964358
1746369737.7123096,0.0477471418964358
1746369737.7301383,0.0477471418964358
1746369737.74777,0.0477471418964358
1746369737.7659383,0.0477471418964358
1746369737.7840834,0.0478218635582455
1746369737.8017197,0.0478218635582455
1746369737.8190806,0.0478218635582455
1746369737.8369496,0.0481954718672943
1746369737.8546548,0.0481954718672943
1746369737.8721907,0.0481954718672943
1746369737.8896878,0.0481954718672943
1746369737.9072013,0.0481954718672943
1746369737.9248114,0.0481954718672943
1746369737.9424508,0.0481954718672943
1746369737.9602888,0.0481954718672943
1746369737.9780133,0.0481954718672943
1746369737.996158,0.0481954718672943
1746369738.0139148,0.0481954718672943
1746369738.03156,0.0481954718672943
1746369738.0495455,0.0481954718672943
1746369738.0674288,0.0482701935291041
1746369738.0849152,0.0482701935291041
1746369738.1024065,0.0482701935291041
1746369738.1198862,0.0486438018381528
1746369738.137404,0.0486438018381528
1746369738.155636,0.0486438018381528
1746369738.1734302,0.0486438018381528
1746369738.191576,0.0486438018381528
1746369738.209273,0.0486438018381528
1746369738.2275755,0.0486438018381528
1746369738.2454057,0.0486438018381528
1746369738.2630618,0.0486438018381528
1746369738.2805626,0.0486438018381528
1746369738.298206,0.0486438018381528
1746369738.3158274,0.0486438018381528
1746369738.3338892,0.0486438018381528
1746369738.3519526,0.0487185234999626
1746369738.370116,0.0487185234999626
1746369738.3883927,0.0487185234999626
1746369738.4063275,0.0490921318090114
1746369738.423841,0.0490921318090114
1746369738.4414563,0.0490921318090114
1746369738.459252,0.0490921318090114
1746369738.477203,0.0490921318090114
1746369738.4949045,0.0490921318090114
1746369738.5127385,0.0490921318090114
1746369738.5304766,0.0490921318090114
1746369738.5484283,0.0490921318090114
1746369738.566319,0.0490921318090114
1746369738.5842762,0.0490921318090114
1746369738.602064,0.0490921318090114
1746369738.6199875,0.0490921318090114
1746369738.6375706,0.0491668534708211
1746369738.6557837,0.0491668534708211
1746369738.6737251,0.0491668534708211
1746369738.6917572,0.04954046177987
1746369738.7097647,0.04954046177987
1746369738.7276702,0.04954046177987
1746369738.745847,0.04954046177987
1746369738.764459,0.04954046177987
1746369738.7825966,0.04954046177987
1746369738.8004794,0.04954046177987
1746369738.818394,0.04954046177987
1746369738.8361766,0.04954046177987
1746369738.8541222,0.04954046177987
1746369738.871891,0.04954046177987
1746369738.8895898,0.04954046177987
1746369738.9073184,0.04954046177987
1746369738.925092,0.0496151834416797
1746369738.9426994,0.0496151834416797
1746369738.9602802,0.0496151834416797
1746369738.9790518,0.0499887917507285
1746369738.9970398,0.0499887917507285
1746369739.0147183,0.0499887917507285
1746369739.0326984,0.0499887917507285
1746369739.0503218,0.0499887917507285
1746369739.068002,0.0499887917507285
1746369739.0854783,0.0499887917507285
1746369739.1030564,0.0499887917507285
1746369739.1206768,0.0499887917507285
1746369739.1383464,0.0499887917507285
1746369739.156011,0.0499887917507285
1746369739.1736772,0.0499887917507285
1746369739.1915345,0.0499887917507285
1746369739.2095306,0.0500635134125383
1746369739.227387,0.0500635134125383
1746369739.245121,0.0500635134125383
1746369739.2626936,0.0504371217215871
1746369739.2804618,0.0504371217215871
1746369739.298113,0.0504371217215871
1746369739.3159382,0.0504371217215871
1746369739.3336265,0.0504371217215871
1746369739.3512628,0.0504371217215871
1746369739.368931,0.0504371217215871
1746369739.3868265,0.0504371217215871
1746369739.4047358,0.0504371217215871
1746369739.423041,0.0504371217215871
1746369739.441154,0.0504371217215871
1746369739.4589238,0.0504371217215871
1746369739.4780517,0.0504371217215871
1746369739.495833,0.0505118433833968
1746369739.5135725,0.0505118433833968
1746369739.5311768,0.0505118433833968
1746369739.5489762,0.0508854516924456
1746369739.5666776,0.0508854516924456
1746369739.5845125,0.0508854516924456
1746369739.602855,0.0508854516924456
1746369739.6204522,0.0508854516924456
1746369739.6382697,0.0508854516924456
1746369739.655985,0.0508854516924456
1746369739.673593,0.0508854516924456
1746369739.6916962,0.0508854516924456
1746369739.7094288,0.0508854516924456
1746369739.727093,0.0508854516924456
1746369739.7448542,0.0508854516924456
1746369739.7626393,0.0508854516924456
1746369739.7807145,0.0509601733542554
1746369739.7984202,0.0509601733542554
1746369739.8161492,0.0509601733542554
1746369739.8337774,0.0513337816633041
1746369739.851497,0.0513337816633041
1746369739.8692002,0.0513337816633041
1746369739.8876116,0.0513337816633041
1746369739.905378,0.0513337816633041
1746369739.922992,0.0513337816633041
1746369739.9408612,0.0513337816633041
1746369739.9585776,0.0513337816633041
1746369739.9762845,0.0513337816633041
1746369739.994434,0.0513337816633041
1746369740.0121944,0.0513337816633041
1746369740.03056,0.0513337816633041
1746369740.048269,0.0513337816633041
1746369740.066558,0.0514085033251139
1746369740.084195,0.0514085033251139
1746369740.1018052,0.0514085033251139
1746369740.1196463,0.0517821116341628
1746369740.1375265,0.0517821116341628
1746369740.1559012,0.0517821116341628
1746369740.1735246,0.0517821116341628
1746369740.1912265,0.0517821116341628
1746369740.208958,0.0517821116341628
1746369740.2271633,0.0517821116341628
1746369740.2447584,0.0517821116341628
1746369740.2626526,0.0517821116341628
1746369740.280214,0.0517821116341628
1746369740.2978315,0.0517821116341628
1746369740.3156295,0.0517821116341628
1746369740.3332722,0.0434132855114697
1746369740.350979,0.0434880071732795
1746369740.3688016,0.0434880071732795
1746369740.386273,0.0434880071732795
1746369740.4039094,0.0437868938205185
1746369740.4214835,0.0437868938205185
1746369740.4391916,0.0437868938205185
1746369740.457066,0.0437868938205185
1746369740.47468,0.0437868938205185
1746369740.492091,0.0437868938205185
1746369740.5098803,0.0437868938205185
1746369740.5272543,0.0437868938205185
1746369740.5446506,0.0437868938205185
1746369740.561932,0.0437868938205185
1746369740.579499,0.0437868938205185
1746369740.5968723,0.0437868938205185
1746369740.6143038,0.0437868938205185
1746369740.6324384,0.0438616154823283
1746369740.6499083,0.0438616154823283
1746369740.6674228,0.0438616154823283
1746369740.6848006,0.0441605021295673
1746369740.7021267,0.0441605021295673
1746369740.719584,0.0441605021295673
1746369740.7371635,0.0441605021295673
1746369740.754533,0.0441605021295673
1746369740.7719047,0.0441605021295673
1746369740.7892835,0.0441605021295673
1746369740.8066509,0.0441605021295673
1746369740.8240895,0.0441605021295673
1746369740.84156,0.0441605021295673
1746369740.858992,0.0441605021295673
1746369740.876377,0.0441605021295673
1746369740.8937433,0.0441605021295673
1746369740.911237,0.0442352237913771
1746369740.928689,0.0442352237913771
1746369740.9461,0.0442352237913771
1746369740.9635158,0.0445341104386161
1746369740.980868,0.0445341104386161
1746369740.9982717,0.0445341104386161
1746369741.0157225,0.0445341104386161
1746369741.0338836,0.0445341104386161
1746369741.0516453,0.0445341104386161
1746369741.069103,0.0445341104386161
1746369741.0864449,0.0445341104386161
1746369741.10389,0.0445341104386161
1746369741.1214938,0.0445341104386161
1746369741.1389723,0.0445341104386161
1746369741.15662,0.0445341104386161
1746369741.1741612,0.0445341104386161
1746369741.191621,0.0446088321004258
1746369741.2094822,0.0446088321004258
1746369741.2271578,0.0446088321004258
1746369741.2451649,0.0449077187476649
1746369741.262638,0.0449077187476649
1746369741.2802048,0.0449077187476649
1746369741.297974,0.0449077187476649
1746369741.3156574,0.0449077187476649
1746369741.333468,0.0449077187476649
1746369741.3510003,0.0449077187476649
1746369741.3689656,0.0449077187476649
1746369741.3864684,0.0449077187476649
1746369741.4041486,0.0449077187476649
1746369741.4216368,0.0449077187476649
1746369741.4392085,0.0449077187476649
1746369741.4573088,0.0449077187476649
1746369741.475151,0.0449824404094747
1746369741.49253,0.0449824404094747
1746369741.5101628,0.0449824404094747
1746369741.5277815,0.0452813270567137
1746369741.5457644,0.0452813270567137
1746369741.5632298,0.0452813270567137
1746369741.5811672,0.0452813270567137
1746369741.5988834,0.0452813270567137
1746369741.6163528,0.0452813270567137
1746369741.633829,0.0452813270567137
1746369741.6516318,0.0452813270567137
1746369741.669296,0.0452813270567137
1746369741.686856,0.0452813270567137
1746369741.704452,0.0452813270567137
1746369741.7220535,0.0452813270567137
1746369741.7396488,0.0452813270567137
1746369741.7571435,0.0453560487185235
1746369741.7747717,0.0453560487185235
1746369741.7924285,0.0453560487185235
1746369741.8099632,0.0456549353657624
1746369741.8277268,0.0456549353657624
1746369741.8454528,0.0456549353657624
1746369741.863301,0.0456549353657624
1746369741.880901,0.0456549353657624
1746369741.89828,0.0456549353657624
1746369741.9157946,0.0456549353657624
1746369741.9333117,0.0456549353657624
1746369741.9508953,0.0456549353657624
1746369741.9683874,0.0456549353657624
1746369741.9858627,0.0456549353657624
1746369742.0033116,0.0456549353657624
1746369742.0209258,0.0456549353657624
1746369742.0385926,0.0457296570275722
1746369742.0563278,0.0457296570275722
1746369742.0738404,0.0457296570275722
1746369742.0913525,0.0460285436748113
1746369742.1092308,0.0460285436748113
1746369742.1267855,0.0460285436748113
1746369742.1445842,0.0460285436748113
1746369742.1622438,0.0460285436748113
1746369742.1799955,0.0460285436748113
1746369742.1977627,0.0460285436748113
1746369742.2156477,0.0460285436748113
1746369742.2337644,0.0460285436748113
1746369742.251522,0.0460285436748113
1746369742.269437,0.0460285436748113
1746369742.2871077,0.0460285436748113
1746369742.304567,0.0460285436748113
1746369742.3222568,0.0461032653366211
1746369742.3398263,0.0461032653366211
1746369742.3573277,0.0461032653366211
1746369742.375028,0.0464021519838601
1746369742.3928409,0.0464021519838601
1746369742.4103532,0.0464021519838601
1746369742.4281616,0.0464021519838601
1746369742.4459395,0.0464021519838601
1746369742.463497,0.0464021519838601
1746369742.481067,0.0464021519838601
1746369742.4984865,0.0464021519838601
1746369742.5160096,0.0464021519838601
1746369742.5335283,0.0464021519838601
1746369742.5510705,0.0464021519838601
1746369742.5686934,0.0464021519838601
1746369742.586254,0.0464021519838601
1746369742.6042547,0.0464768736456698
1746369742.6219244,0.0464768736456698
1746369742.6396515,0.0464768736456698
1746369742.6574357,0.0467757602929088
1746369742.6757972,0.0467757602929088
1746369742.6937168,0.0467757602929088
1746369742.711167,0.0467757602929088
1746369742.7286668,0.0467757602929088
1746369742.74616,0.0467757602929088
1746369742.763785,0.0467757602929088
1746369742.7822835,0.0467757602929088
1746369742.7998044,0.0467757602929088
1746369742.8172498,0.0467757602929088
1746369742.8350587,0.0467757602929088
1746369742.852497,0.0467757602929088
1746369742.8703604,0.0467757602929088
1746369742.888969,0.0468504819547186
1746369742.907295,0.0468504819547186
1746369742.9247065,0.0468504819547186
1746369742.942196,0.0471493686019577
1746369742.9597297,0.0471493686019577
1746369742.9772503,0.0471493686019577
1746369742.9947524,0.0471493686019577
1746369743.0126624,0.0471493686019577
1746369743.0307617,0.0471493686019577
1746369743.0489132,0.0471493686019577
1746369743.0664833,0.0471493686019577
1746369743.0848072,0.0471493686019577
1746369743.1023493,0.0471493686019577
1746369743.119979,0.0471493686019577
1746369743.1381698,0.0471493686019577
1746369743.1556454,0.0471493686019577
1746369743.1734457,0.0472240902637675
1746369743.191677,0.0472240902637675
1746369743.2093165,0.0472240902637675
1746369743.2272298,0.0475229769110064
1746369743.245432,0.0475229769110064
1746369743.263395,0.0475229769110064
1746369743.2813747,0.0475229769110064
1746369743.2995176,0.0475229769110064
1746369743.3171103,0.0475229769110064
1746369743.3349888,0.0475229769110064
1746369743.352892,0.0475229769110064
1746369743.3707356,0.0475229769110064
1746369743.3886151,0.0475229769110064
1746369743.406421,0.0475229769110064
1746369743.4244237,0.0475229769110064
1746369743.4422548,0.0475229769110064
1746369743.4603984,0.0475976985728162
1746369743.4782915,0.0475976985728162
1746369743.4964876,0.0475976985728162
1746369743.514903,0.0478965852200552
1746369743.5326877,0.0478965852200552
1746369743.5505426,0.0478965852200552
1746369743.5682476,0.0478965852200552
1746369743.5862255,0.0478965852200552
1746369743.6044395,0.0478965852200552
1746369743.6222315,0.0478965852200552
1746369743.6400845,0.0478965852200552
1746369743.6579587,0.0478965852200552
1746369743.6759577,0.0478965852200552
1746369743.6938088,0.0478965852200552
1746369743.7121077,0.0478965852200552
1746369743.7298295,0.0478965852200552
1746369743.7478838,0.047971306881865
1746369743.7659895,0.047971306881865
1746369743.7837734,0.047971306881865
1746369743.8020844,0.0482701935291041
1746369743.820259,0.0482701935291041
1746369743.838373,0.0482701935291041
1746369743.856217,0.0482701935291041
1746369743.874112,0.0482701935291041
1746369743.8925235,0.0482701935291041
1746369743.910611,0.0482701935291041
1746369743.9280095,0.0482701935291041
1746369743.9457777,0.0482701935291041
1746369743.9638088,0.0482701935291041
1746369743.9816155,0.0482701935291041
1746369744.0001538,0.0482701935291041
1746369744.017919,0.0482701935291041
1746369744.0355926,0.0483449151909138
1746369744.0533173,0.0483449151909138
1746369744.0711625,0.0483449151909138
1746369744.088693,0.0486438018381528
1746369744.1063583,0.0486438018381528
1746369744.1242225,0.0486438018381528
1746369744.1417236,0.0486438018381528
1746369744.1593263,0.0486438018381528
1746369744.1769583,0.0486438018381528
1746369744.19453,0.0486438018381528
1746369744.2124114,0.0486438018381528
1746369744.23007,0.0486438018381528
1746369744.247688,0.0486438018381528
1746369744.2653608,0.0486438018381528
1746369744.2829924,0.0486438018381528
1746369744.3008592,0.0486438018381528
1746369744.3199232,0.0487185234999626
1746369744.3378174,0.0487185234999626
1746369744.355705,0.0487185234999626
1746369744.3735712,0.0490174101472016
1746369744.3912764,0.0490174101472016
1746369744.409096,0.0490174101472016
1746369744.4268353,0.0490174101472016
1746369744.444841,0.0490174101472016
1746369744.4629097,0.0490174101472016
1746369744.480454,0.0490174101472016
1746369744.4982586,0.0490174101472016
1746369744.516142,0.0490174101472016
1746369744.5340054,0.0490174101472016
1746369744.5515597,0.0490174101472016
1746369744.5697324,0.0490174101472016
1746369744.5875015,0.0490174101472016
1746369744.6052692,0.0490921318090114
1746369744.6229558,0.0490921318090114
1746369744.6405065,0.0490921318090114
1746369744.6581788,0.0493910184562504
1746369744.6758375,0.0493910184562504
1746369744.6939917,0.0493910184562504
1746369744.7115407,0.0493910184562504
1746369744.7299924,0.0493910184562504
1746369744.747738,0.0493910184562504
1746369744.765365,0.0493910184562504
1746369744.7830367,0.0493910184562504
1746369744.8007348,0.0493910184562504
1746369744.818343,0.0493910184562504
1746369744.8360138,0.0493910184562504
1746369744.853612,0.0493910184562504
1746369744.8712757,0.0493910184562504
1746369744.888869,0.0494657401180602
1746369744.9064646,0.0494657401180602
1746369744.9240794,0.0494657401180602
1746369744.9418204,0.0497646267652992
1746369744.9600956,0.0497646267652992
1746369744.9780283,0.0497646267652992
1746369744.9955266,0.0497646267652992
1746369745.013557,0.0497646267652992
1746369745.031124,0.0497646267652992
1746369745.049649,0.0497646267652992
1746369745.067814,0.0497646267652992
1746369745.085461,0.0497646267652992
1746369745.103042,0.0497646267652992
1746369745.1205611,0.0497646267652992
1746369745.138154,0.0497646267652992
1746369745.1557467,0.0497646267652992
1746369745.173354,0.049839348427109
1746369745.191,0.049839348427109
1746369745.208578,0.049839348427109
1746369745.2262287,0.050138235074348
1746369745.2437885,0.050138235074348
1746369745.2620287,0.050138235074348
1746369745.2800364,0.050138235074348
1746369745.2978156,0.050138235074348
1746369745.3158343,0.050138235074348
1746369745.3335152,0.050138235074348
1746369745.3514411,0.050138235074348
1746369745.3692474,0.050138235074348
1746369745.3872192,0.050138235074348
1746369745.4053624,0.050138235074348
1746369745.4231942,0.050138235074348
1746369745.4410143,0.050138235074348
1746369745.4589603,0.0502129567361577
1746369745.4772985,0.0502129567361577
1746369745.495328,0.0502129567361577
1746369745.5132873,0.0505118433833968
1746369745.5312712,0.0505118433833968
1746369745.5491288,0.0505118433833968
1746369745.5674174,0.0505118433833968
1746369745.5849645,0.0505118433833968
1746369745.6026638,0.0505118433833968
1746369745.620556,0.0505118433833968
1746369745.6385198,0.0505118433833968
1746369745.65655,0.0505118433833968
1746369745.6746595,0.0505118433833968
1746369745.6923733,0.0505118433833968
1746369745.7103095,0.0505118433833968
1746369745.7284749,0.0505118433833968
1746369745.7464385,0.0505865650452066
1746369745.7642329,0.0505865650452066
1746369745.7824364,0.0505865650452066
1746369745.8006797,0.0508854516924456
1746369745.8185058,0.0508854516924456
1746369745.836294,0.0508854516924456
1746369745.854076,0.0508854516924456
1746369745.8719072,0.0508854516924456
1746369745.8897028,0.0508854516924456
1746369745.9079006,0.0508854516924456
1746369745.9258878,0.0508854516924456
1746369745.943758,0.0508854516924456
1746369745.961819,0.0508854516924456
1746369745.980037,0.0508854516924456
1746369745.99764,0.0508854516924456
1746369746.015239,0.0508854516924456
1746369746.033323,0.0509601733542554
1746369746.0512226,0.0509601733542554
1746369746.0692382,0.0509601733542554
1746369746.087016,0.0512590600014943
1746369746.1048715,0.0512590600014943
1746369746.1227028,0.0512590600014943
1746369746.1405644,0.0512590600014943
1746369746.1587417,0.0512590600014943
1746369746.176661,0.0512590600014943
1746369746.1946132,0.0512590600014943
1746369746.2122755,0.0512590600014943
1746369746.2300406,0.0512590600014943
1746369746.248104,0.0512590600014943
1746369746.2658792,0.0512590600014943
1746369746.283592,0.0512590600014943
1746369746.3013265,0.0512590600014943
1746369746.3191404,0.0513337816633041
1746369746.3370738,0.0513337816633041
1746369746.3549926,0.0513337816633041
1746369746.3733811,0.0516326683105432
1746369746.391211,0.0516326683105432
1746369746.4095998,0.0400508107300305
1746369746.4280095,0.0400508107300305
1746369746.445615,0.0400508107300305
1746369746.4630277,0.0400508107300305
1746369746.4803998,0.0400508107300305
1746369746.497715,0.0400508107300305
1746369746.5151005,0.0400508107300305
1746369746.5324264,0.0400508107300305
1746369746.5497272,0.0400508107300305
1746369746.5672052,0.0400508107300305
1746369746.586126,0.0400508107300305
1746369746.6041498,0.0400508107300305
1746369746.6212382,0.0400508107300305
1746369746.638373,0.0400508107300305
1746369746.655759,0.0403496973772696
1746369746.6730573,0.0403496973772696
1746369746.6903148,0.0403496973772696
1746369746.7080505,0.0403496973772696
1746369746.7251627,0.0403496973772696
1746369746.742396,0.0403496973772696
1746369746.7595916,0.0403496973772696
1746369746.776894,0.0403496973772696
1746369746.7942328,0.0403496973772696
1746369746.8115263,0.0403496973772696
1746369746.8290322,0.0403496973772696
1746369746.8463054,0.0403496973772696
1746369746.8637726,0.0403496973772696
1746369746.8812103,0.0403496973772696
1746369746.8985567,0.0403496973772696
1746369746.915697,0.0403496973772696
1746369746.933252,0.0406485840245086
1746369746.9506378,0.0406485840245086
1746369746.9679408,0.0406485840245086
1746369746.9854715,0.0406485840245086
1746369747.0032551,0.0406485840245086
1746369747.0208583,0.0406485840245086
1746369747.0383172,0.0406485840245086
1746369747.0555165,0.0406485840245086
1746369747.073281,0.0406485840245086
1746369747.0906734,0.0406485840245086
1746369747.108254,0.0406485840245086
1746369747.125805,0.0406485840245086
1746369747.1432776,0.0406485840245086
1746369747.1607692,0.0406485840245086
1746369747.1779072,0.0406485840245086
1746369747.1951766,0.0406485840245086
1746369747.2126153,0.0409474706717477
1746369747.230343,0.0409474706717477
1746369747.2478485,0.0409474706717477
1746369747.2651906,0.0409474706717477
1746369747.282537,0.0409474706717477
1746369747.299919,0.0409474706717477
1746369747.3170342,0.0409474706717477
1746369747.3345716,0.0409474706717477
1746369747.351622,0.0409474706717477
1746369747.3686824,0.0409474706717477
1746369747.3866088,0.0409474706717477
1746369747.4047835,0.0409474706717477
1746369747.4222224,0.0409474706717477
1746369747.4394104,0.0409474706717477
1746369747.4569075,0.0409474706717477
1746369747.4742174,0.0409474706717477
1746369747.4916131,0.0412463573189867
1746369747.509084,0.0412463573189867
1746369747.5263622,0.0412463573189867
1746369747.5435865,0.0412463573189867
1746369747.5607574,0.0412463573189867
1746369747.5780077,0.0412463573189867
1746369747.5955534,0.0412463573189867
1746369747.6128356,0.0412463573189867
1746369747.630228,0.0412463573189867
1746369747.6480691,0.0412463573189867
1746369747.6650543,0.0412463573189867
1746369747.6822574,0.0412463573189867
1746369747.6993504,0.0412463573189867
1746369747.716394,0.0412463573189867
1746369747.7343152,0.0412463573189867
1746369747.7519307,0.0412463573189867
1746369747.7689838,0.0415452439662258
1746369747.7859814,0.0415452439662258
1746369747.803126,0.0415452439662258
1746369747.8206596,0.0415452439662258
1746369747.838396,0.0415452439662258
1746369747.85568,0.0415452439662258
1746369747.872991,0.0415452439662258
1746369747.8903232,0.0415452439662258
1746369747.908422,0.0415452439662258
1746369747.9256284,0.0415452439662258
1746369747.9433029,0.0415452439662258
1746369747.9609375,0.0415452439662258
1746369747.9784334,0.0415452439662258
1746369747.995737,0.0415452439662258
1746369748.0127993,0.0415452439662258
1746369748.0304346,0.0415452439662258
1746369748.0477211,0.0418441306134648
1746369748.0648174,0.0418441306134648
1746369748.0820203,0.0418441306134648
1746369748.0998092,0.0418441306134648
1746369748.1169353,0.0418441306134648
1746369748.1342866,0.0418441306134648
1746369748.1520371,0.0418441306134648
1746369748.1694484,0.0418441306134648
1746369748.1866598,0.0418441306134648
1746369748.2039876,0.0418441306134648
1746369748.2213254,0.0418441306134648
1746369748.2390497,0.0418441306134648
1746369748.2560916,0.0418441306134648
1746369748.273144,0.0418441306134648
1746369748.2901871,0.0418441306134648
1746369748.3073194,0.0418441306134648
1746369748.3245246,0.0421430172607039
1746369748.341664,0.0421430172607039
1746369748.3592205,0.0421430172607039
1746369748.376528,0.0421430172607039
1746369748.393651,0.0421430172607039
1746369748.4111223,0.0421430172607039
1746369748.428511,0.0421430172607039
1746369748.4459398,0.0421430172607039
1746369748.4636588,0.0421430172607039
1746369748.4812603,0.0421430172607039
1746369748.4984696,0.0421430172607039
1746369748.5158577,0.0421430172607039
1746369748.5332496,0.0421430172607039
1746369748.5505316,0.0421430172607039
1746369748.5678256,0.0421430172607039
1746369748.585129,0.0421430172607039
1746369748.6025436,0.0424419039079428
1746369748.6197803,0.0424419039079428
1746369748.6374784,0.0424419039079428
1746369748.6547613,0.0424419039079428
1746369748.6724129,0.0424419039079428
1746369748.689661,0.0424419039079428
1746369748.706671,0.0424419039079428
1746369748.7237,0.0424419039079428
1746369748.7407017,0.0424419039079428
1746369748.758049,0.0424419039079428
1746369748.775168,0.0424419039079428
1746369748.792271,0.0424419039079428
1746369748.809381,0.0424419039079428
1746369748.8265505,0.0424419039079428
1746369748.8436692,0.0424419039079428
1746369748.8609333,0.0424419039079428
1746369748.878069,0.0427407905551819
1746369748.895193,0.0427407905551819
1746369748.9121926,0.0427407905551819
1746369748.929234,0.0427407905551819
1746369748.946239,0.0427407905551819
1746369748.9632945,0.0427407905551819
1746369748.9804127,0.0427407905551819
1746369748.9974923,0.0427407905551819
1746369749.0145006,0.0427407905551819
1746369749.0315683,0.0427407905551819
1746369749.0486822,0.0427407905551819
1746369749.0659971,0.0427407905551819
1746369749.0830824,0.0427407905551819
1746369749.1001096,0.0427407905551819
1746369749.1171465,0.0427407905551819
1746369749.1341803,0.0427407905551819
1746369749.1512809,0.0430396772024209
1746369749.168322,0.0430396772024209
1746369749.1854794,0.0430396772024209
1746369749.202609,0.0430396772024209
1746369749.2197895,0.0430396772024209
1746369749.2369187,0.0430396772024209
1746369749.2545393,0.0430396772024209
1746369749.2718637,0.0430396772024209
1746369749.2890854,0.0430396772024209
1746369749.3062086,0.0430396772024209
1746369749.3233252,0.0430396772024209
1746369749.3403492,0.0430396772024209
1746369749.3574212,0.0430396772024209
1746369749.3745415,0.0430396772024209
1746369749.3916414,0.0430396772024209
1746369749.4086778,0.0430396772024209
1746369749.4261212,0.04333856384966
1746369749.443539,0.04333856384966
1746369749.461019,0.04333856384966
1746369749.4787507,0.04333856384966
1746369749.4963324,0.04333856384966
1746369749.513724,0.04333856384966
1746369749.531012,0.04333856384966
1746369749.548395,0.04333856384966
1746369749.5657992,0.04333856384966
1746369749.5832803,0.04333856384966
1746369749.6003983,0.04333856384966
1746369749.6177702,0.04333856384966
1746369749.6350558,0.04333856384966
1746369749.6524563,0.04333856384966
1746369749.6699543,0.04333856384966
1746369749.6877887,0.04333856384966
1746369749.7051904,0.0327280878726743
1746369749.7224538,0.0327280878726743
1746369749.74055,0.0327280878726743
1746369749.757372,0.0327280878726743
1746369749.774829,0.0327280878726743
1746369749.7917476,0.0327280878726743
1746369749.8091545,0.0327280878726743
1746369749.8262086,0.0327280878726743
1746369749.8432467,0.0327280878726743
1746369749.8602908,0.0327280878726743
1746369749.8774323,0.0327280878726743
1746369749.8947575,0.0327280878726743
1746369749.9117868,0.0327280878726743
1746369749.9289155,0.0327280878726743
1746369749.9459915,0.0327280878726743
1746369749.9629958,0.0327280878726743
1746369749.9801426,0.0329522528581035
1746369749.9972584,0.0329522528581035
1746369750.0142968,0.0329522528581035
1746369750.0313964,0.0329522528581035
1746369750.0484529,0.0329522528581035
1746369750.0656638,0.0329522528581035
1746369750.082755,0.0329522528581035
1746369750.099815,0.0329522528581035
1746369750.116927,0.0329522528581035
1746369750.1339817,0.0329522528581035
1746369750.150983,0.0329522528581035
1746369750.1679814,0.0329522528581035
1746369750.185096,0.0329522528581035
1746369750.2022538,0.0329522528581035
1746369750.2194483,0.0329522528581035
1746369750.2363818,0.0329522528581035
1746369750.2535093,0.0331764178435328
1746369750.2706935,0.0331764178435328
1746369750.2878351,0.0331764178435328
1746369750.3049104,0.0331764178435328
1746369750.3220484,0.0331764178435328
1746369750.3391528,0.0331764178435328
1746369750.3561826,0.0331764178435328
1746369750.3732195,0.0331764178435328
1746369750.390278,0.0331764178435328
1746369750.4072464,0.0331764178435328
1746369750.4242392,0.0331764178435328
1746369750.441327,0.0331764178435328
1746369750.458332,0.0331764178435328
1746369750.4754431,0.0331764178435328
1746369750.492605,0.0331764178435328
1746369750.5095572,0.0331764178435328
1746369750.5266795,0.033400582828962
1746369750.543718,0.033400582828962
1746369750.560603,0.033400582828962
1746369750.5776677,0.033400582828962
1746369750.5950794,0.033400582828962
1746369750.6122177,0.033400582828962
1746369750.6293333,0.033400582828962
1746369750.646435,0.033400582828962
1746369750.663456,0.033400582828962
1746369750.68056,0.033400582828962
1746369750.69772,0.033400582828962
1746369750.7149782,0.033400582828962
1746369750.732099,0.033400582828962
1746369750.7491686,0.033400582828962
1746369750.7666297,0.033400582828962
1746369750.7837777,0.033400582828962
1746369750.8012118,0.0336247478143914
1746369750.8185349,0.0336247478143914
1746369750.8358696,0.0336247478143914
1746369750.853081,0.0336247478143914
1746369750.8701315,0.0336247478143914
1746369750.8873298,0.0336247478143914
1746369750.9050107,0.0336247478143914
1746369750.9220495,0.0336247478143914
1746369750.939151,0.0336247478143914
1746369750.9561784,0.0336247478143914
1746369750.973245,0.0336247478143914
1746369750.9901588,0.0336247478143914
1746369751.007066,0.0336247478143914
1746369751.0239446,0.0336247478143914
1746369751.0408998,0.0336247478143914
1746369751.0583117,0.0336247478143914
1746369751.075191,0.0338489127998207
1746369751.092162,0.0338489127998207
1746369751.1092305,0.0338489127998207
1746369751.1263144,0.0338489127998207
1746369751.143372,0.0338489127998207
1746369751.1603897,0.0338489127998207
1746369751.177209,0.0338489127998207
1746369751.1947093,0.0338489127998207
1746369751.2117815,0.0338489127998207
1746369751.2286105,0.0338489127998207
1746369751.2454288,0.0338489127998207
1746369751.2624824,0.0338489127998207
1746369751.2793512,0.0338489127998207
1746369751.296227,0.0338489127998207
1746369751.313524,0.0338489127998207
1746369751.3306382,0.0338489127998207
1746369751.347824,0.0340730777852499
1746369751.3649716,0.0340730777852499
1746369751.3821635,0.0340730777852499
1746369751.3991137,0.0340730777852499
1746369751.416051,0.0340730777852499
1746369751.4331124,0.0340730777852499
1746369751.4501324,0.0340730777852499
1746369751.4673371,0.0340730777852499
1746369751.484393,0.0340730777852499
1746369751.501376,0.0340730777852499
1746369751.5184057,0.0340730777852499
1746369751.535807,0.0340730777852499
1746369751.5529697,0.0340730777852499
1746369751.5705404,0.0340730777852499
1746369751.5875137,0.0340730777852499
1746369751.6045809,0.0340730777852499
1746369751.6215885,0.0342972427706792
1746369751.6386409,0.0342972427706792
1746369751.655774,0.0342972427706792
1746369751.6727931,0.0342972427706792
1746369751.6896489,0.0342972427706792
1746369751.706739,0.0342972427706792
1746369751.7242815,0.0342972427706792
1746369751.741294,0.0342972427706792
1746369751.758462,0.0342972427706792
1746369751.7756183,0.0342972427706792
1746369751.7926097,0.0342972427706792
1746369751.8096683,0.0342972427706792
1746369751.826754,0.0342972427706792
1746369751.843807,0.0342972427706792
1746369751.8608315,0.0342972427706792
1746369751.8778875,0.0342972427706792
1746369751.895003,0.0345214077561084
1746369751.912141,0.0345214077561084
1746369751.9296525,0.0345214077561084
1746369751.9464974,0.0345214077561084
1746369751.9635117,0.0345214077561084
1746369751.9805672,0.0345214077561084
1746369751.9977624,0.0345214077561084
1746369752.0148463,0.0345214077561084
1746369752.0319974,0.0345214077561084
1746369752.0490625,0.0345214077561084
1746369752.0660806,0.0345214077561084
1746369752.0831454,0.0345214077561084
1746369752.1002004,0.0345214077561084
1746369752.1171,0.0345214077561084
1746369752.1346178,0.0345214077561084
1746369752.1515293,0.0345214077561084
1746369752.1684406,0.0347455727415377
1746369752.1858675,0.0347455727415377
1746369752.2032144,0.0347455727415377
1746369752.2208092,0.0347455727415377
1746369752.2376478,0.0347455727415377
1746369752.2545445,0.0347455727415377
1746369752.271988,0.0347455727415377
1746369752.288849,0.0347455727415377
1746369752.3059402,0.0347455727415377
1746369752.323086,0.0347455727415377
1746369752.3401904,0.0347455727415377
1746369752.357104,0.0347455727415377
1746369752.3742435,0.0347455727415377
1746369752.3912714,0.0347455727415377
1746369752.4083357,0.0347455727415377
1746369752.4253738,0.0347455727415377
1746369752.4425771,0.0349697377269671
1746369752.4596791,0.0349697377269671
1746369752.4768128,0.0349697377269671
1746369752.4938643,0.0349697377269671
1746369752.5109572,0.0349697377269671
1746369752.5280683,0.0349697377269671
1746369752.5454888,0.0349697377269671
1746369752.5623822,0.0349697377269671
1746369752.5794635,0.0349697377269671
1746369752.596538,0.0349697377269671
1746369752.613598,0.0349697377269671
1746369752.6306226,0.0349697377269671
1746369752.6476064,0.0349697377269671
1746369752.6645896,0.0349697377269671
1746369752.681654,0.0349697377269671
1746369752.698568,0.0349697377269671
1746369752.7155995,0.0351939027123963
1746369752.7325933,0.0351939027123963
1746369752.7497823,0.0351939027123963
1746369752.7667294,0.0351939027123963
1746369752.7837129,0.0351939027123963
1746369752.800821,0.0351939027123963
1746369752.8177958,0.0351939027123963
1746369752.834662,0.0351939027123963
1746369752.8515549,0.0351939027123963
1746369752.8683958,0.0351939027123963
1746369752.885504,0.0351939027123963
1746369752.903068,0.0351939027123963
1746369752.9202151,0.0351939027123963
1746369752.9375908,0.0351939027123963
1746369752.955058,0.0351939027123963
1746369752.972568,0.0351939027123963
1746369752.9900038,0.0354180676978256
1746369753.007172,0.0354180676978256
1746369753.024307,0.0354180676978256
1746369753.0413556,0.0354180676978256
1746369753.058435,0.0354180676978256
1746369753.0756688,0.0354180676978256
1746369753.0927775,0.0354180676978256
1746369753.1097443,0.0354180676978256
1746369753.1266873,0.0354180676978256
1746369753.1437788,0.0354180676978256
1746369753.1612787,0.0354180676978256
1746369753.1783552,0.0354180676978256
1746369753.195473,0.0354180676978256
1746369753.2126043,0.0354180676978256
1746369753.229534,0.0354180676978256
1746369753.2463884,0.0354180676978256
1746369753.2635124,0.0356422326832548
1746369753.2805924,0.0356422326832548
1746369753.2975662,0.0356422326832548
1746369753.314668,0.0356422326832548
1746369753.331824,0.0356422326832548
1746369753.348791,0.0356422326832548
1746369753.3661506,0.0356422326832548
1746369753.3835382,0.0356422326832548
1746369753.4007514,0.0356422326832548
1746369753.4176495,0.0356422326832548
1746369753.4347236,0.0356422326832548
1746369753.4517944,0.0356422326832548
1746369753.4688382,0.0356422326832548
1746369753.4858556,0.0356422326832548
1746369753.5030768,0.0356422326832548
1746369753.520323,0.0356422326832548
1746369753.5374303,0.0358663976686841
1746369753.554474,0.0358663976686841
1746369753.571647,0.0358663976686841
1746369753.5891852,0.0358663976686841
1746369753.6063094,0.0358663976686841
1746369753.623421,0.0358663976686841
1746369753.640372,0.0358663976686841
1746369753.6576223,0.0358663976686841
1746369753.674822,0.0358663976686841
1746369753.6923175,0.0358663976686841
1746369753.7095792,0.0358663976686841
1746369753.726877,0.0358663976686841
1746369753.7440667,0.0358663976686841
1746369753.7616656,0.0358663976686841
1746369753.7787485,0.0358663976686841
1746369753.796954,0.0358663976686841
1746369753.8140528,0.0360905626541134
1746369753.831199,0.0360905626541134
1746369753.8487358,0.0360905626541134
1746369753.8658433,0.0360905626541134
1746369753.8833284,0.0360905626541134
1746369753.9006872,0.0360905626541134
1746369753.917924,0.0360905626541134
1746369753.9355092,0.0360905626541134
1746369753.953087,0.0360905626541134
1746369753.9703288,0.0360905626541134
1746369753.9876544,0.0360905626541134
1746369754.005266,0.0360905626541134
1746369754.0225365,0.0360905626541134
1746369754.0398514,0.0360905626541134
1746369754.057084,0.0360905626541134
1746369754.074273,0.0360905626541134
1746369754.0918,0.0363147276395426
1746369754.1090794,0.0363147276395426
1746369754.126269,0.0363147276395426
1746369754.1433315,0.0363147276395426
1746369754.1605473,0.0363147276395426
1746369754.1778786,0.0363147276395426
1746369754.195609,0.0363147276395426
1746369754.212783,0.0363147276395426
1746369754.2299347,0.0363147276395426
1746369754.2474809,0.0363147276395426
1746369754.2646537,0.0363147276395426
1746369754.2818136,0.0363147276395426
1746369754.2990422,0.0363147276395426
1746369754.3161747,0.0363147276395426
1746369754.3335414,0.0363147276395426
1746369754.3507216,0.0363147276395426
1746369754.3679717,0.036538892624972
1746369754.385147,0.036538892624972
1746369754.4027925,0.036538892624972
1746369754.419701,0.036538892624972
1746369754.4366992,0.036538892624972
1746369754.4541757,0.036538892624972
1746369754.4711075,0.036538892624972
1746369754.48816,0.036538892624972
1746369754.5051672,0.036538892624972
1746369754.522138,0.036538892624972
1746369754.5393577,0.036538892624972
1746369754.556509,0.036538892624972
1746369754.5736165,0.036538892624972
1746369754.5910792,0.036538892624972
1746369754.6086652,0.036538892624972
1746369754.6257727,0.036538892624972
1746369754.6429796,0.0367630576104012
1746369754.660138,0.0367630576104012
1746369754.677224,0.0367630576104012
1746369754.6944633,0.0367630576104012
1746369754.711666,0.0367630576104012
1746369754.7288532,0.0367630576104012
1746369754.7460833,0.0367630576104012
1746369754.7634268,0.0367630576104012
1746369754.780656,0.0367630576104012
1746369754.7978845,0.0367630576104012
1746369754.81518,0.0367630576104012
1746369754.8325095,0.0367630576104012
1746369754.849753,0.0367630576104012
1746369754.867008,0.0367630576104012
1746369754.8841915,0.0367630576104012
1746369754.901452,0.0367630576104012
1746369754.9186933,0.0369872225958305
1746369754.9359934,0.0369872225958305
1746369754.9535232,0.0369872225958305
1746369754.9708636,0.0369872225958305
1746369754.9880493,0.0369872225958305
1746369755.005363,0.0369872225958305
1746369755.0504763,0.0369872225958305
1746369755.067637,0.0369872225958305
1746369755.0856955,0.0369872225958305
1746369755.1035783,0.0369872225958305
1746369755.120516,0.0369872225958305
1746369755.1375668,0.0369872225958305
1746369755.1548495,0.0369872225958305
1746369755.1726837,0.0369872225958305
1746369755.1896553,0.0369872225958305
1746369755.2066,0.0369872225958305
1746369755.2238595,0.0372113875812598
1746369755.2408586,0.0372113875812598
1746369755.2579231,0.0372113875812598
1746369755.2754638,0.0372113875812598
1746369755.292569,0.0372113875812598
1746369755.3101215,0.0372113875812598
1746369755.327824,0.0372113875812598
1746369755.3455057,0.0372113875812598
1746369755.3624704,0.0372113875812598
1746369755.3794718,0.0372113875812598
1746369755.3971832,0.0372113875812598
1746369755.4142165,0.0372113875812598
1746369755.4318273,0.0372113875812598
1746369755.448947,0.0372113875812598
1746369755.465933,0.0372113875812598
1746369755.4831886,0.0372113875812598
1746369755.5008202,0.037435552566689
1746369755.5179005,0.037435552566689
1746369755.5352306,0.037435552566689
1746369755.5522,0.037435552566689
1746369755.5695932,0.037435552566689
1746369755.587132,0.037435552566689
1746369755.6046536,0.037435552566689
1746369755.622475,0.037435552566689
1746369755.6399083,0.037435552566689
1746369755.6571405,0.037435552566689
1746369755.674164,0.037435552566689
1746369755.6919425,0.037435552566689
1746369755.7090752,0.037435552566689
1746369755.726142,0.037435552566689
1746369755.7431014,0.037435552566689
1746369755.760212,0.037435552566689
1746369755.7772498,0.0376597175521183
1746369755.7951243,0.0376597175521183
1746369755.8122115,0.0376597175521183
1746369755.8301902,0.0376597175521183
1746369755.8474696,0.0376597175521183
1746369755.8644536,0.0376597175521183
1746369755.881773,0.0376597175521183
1746369755.8988,0.0376597175521183
1746369755.9162304,0.0376597175521183
1746369755.933652,0.0376597175521183
1746369755.9511106,0.0376597175521183
1746369755.9681842,0.0376597175521183
1746369755.9852345,0.0376597175521183
1746369756.0023532,0.0376597175521183
1746369756.0194674,0.0376597175521183
1746369756.037022,0.0376597175521183
1746369756.054746,0.0378838825375476
1746369756.0721087,0.0378838825375476
1746369756.0894053,0.0378838825375476
1746369756.1067724,0.0378838825375476
1746369756.1241932,0.0378838825375476
1746369756.141227,0.0378838825375476
1746369756.1581583,0.0378838825375476
1746369756.175133,0.0378838825375476
1746369756.1920922,0.0378838825375476
1746369756.209061,0.0378838825375476
1746369756.2259548,0.0378838825375476
1746369756.243591,0.0378838825375476
1746369756.2610705,0.0378838825375476
1746369756.2782445,0.0378838825375476
1746369756.2955225,0.0378838825375476
1746369756.312674,0.0378838825375476
1746369756.329951,0.0381080475229769
1746369756.3476558,0.0381080475229769
1746369756.3650184,0.0381080475229769
1746369756.3819969,0.0381080475229769
1746369756.399438,0.0381080475229769
1746369756.4166129,0.0381080475229769
1746369756.4338956,0.0381080475229769
1746369756.4511557,0.0381080475229769
1746369756.4684663,0.0381080475229769
1746369756.485686,0.0381080475229769
1746369756.5028086,0.0381080475229769
1746369756.519956,0.0381080475229769
1746369756.5372036,0.0381080475229769
1746369756.5544686,0.0381080475229769
1746369756.5715463,0.0381080475229769
1746369756.588665,0.0381080475229769
1746369756.6059997,0.0383322125084062
1746369756.6231928,0.0383322125084062
1746369756.6401606,0.0383322125084062
1746369756.6573038,0.0383322125084062
1746369756.6748426,0.0383322125084062
1746369756.69231,0.0383322125084062
1746369756.7094166,0.0383322125084062
1746369756.7264798,0.0383322125084062
1746369756.7436306,0.0383322125084062
1746369756.7607143,0.0383322125084062
1746369756.777783,0.0383322125084062
1746369756.7948089,0.0383322125084062
1746369756.811927,0.0383322125084062
1746369756.8289497,0.0383322125084062
1746369756.8461287,0.0383322125084062
1746369756.8633587,0.0383322125084062
1746369756.8808532,0.0385563774938354
1746369756.8977964,0.0385563774938354
1746369756.9149966,0.0385563774938354
1746369756.9320695,0.0385563774938354
1746369756.9491832,0.0385563774938354
1746369756.9663022,0.0385563774938354
1746369756.9834783,0.0385563774938354
1746369757.0006664,0.0385563774938354
1746369757.0179968,0.0385563774938354
1746369757.035268,0.0385563774938354
1746369757.0524518,0.0385563774938354
1746369757.0696373,0.0385563774938354
1746369757.0872982,0.0385563774938354
1746369757.1044064,0.0385563774938354
1746369757.1214576,0.0385563774938354
1746369757.1385531,0.0385563774938354
1746369757.1556706,0.0387805424792647
1746369757.1729126,0.0387805424792647
1746369757.1901152,0.0387805424792647
1746369757.2072933,0.0387805424792647
1746369757.2243488,0.0387805424792647
1746369757.241517,0.0387805424792647
1746369757.258826,0.0387805424792647
1746369757.275946,0.0387805424792647
1746369757.2941432,0.0387805424792647
1746369757.3114042,0.0387805424792647
1746369757.32863,0.0387805424792647
1746369757.3458238,0.0387805424792647
1746369757.3630178,0.0387805424792647
1746369757.3801537,0.0387805424792647
1746369757.3974566,0.0387805424792647
1746369757.4148223,0.0387805424792647
1746369757.432043,0.0390047074646939
1746369757.4492044,0.0390047074646939
1746369757.4663756,0.0390047074646939
1746369757.4840236,0.0390047074646939
1746369757.5012538,0.0390047074646939
1746369757.5182714,0.0390047074646939
1746369757.5353143,0.0390047074646939
1746369757.552591,0.0390047074646939
1746369757.5698202,0.0390047074646939
1746369757.5868592,0.0390047074646939
1746369757.603975,0.0390047074646939
1746369757.621256,0.0390047074646939
1746369757.6384692,0.0390047074646939
1746369757.6556325,0.0390047074646939
1746369757.673041,0.0390047074646939
1746369757.6903226,0.0390047074646939
1746369757.7081103,0.0392288724501233
1746369757.7253916,0.0392288724501233
1746369757.742592,0.0392288724501233
1746369757.7595887,0.0392288724501233
1746369757.776778,0.0392288724501233
1746369757.7938526,0.0392288724501233
1746369757.811141,0.0392288724501233
1746369757.828208,0.0392288724501233
1746369757.8452673,0.0392288724501233
1746369757.862416,0.0392288724501233
1746369757.879827,0.0392288724501233
1746369757.8971548,0.0392288724501233
1746369757.9145122,0.0392288724501233
1746369757.9316845,0.0392288724501233
1746369757.9487686,0.0392288724501233
1746369757.9659562,0.0392288724501233
1746369757.983226,0.0394530374355526
1746369758.0004396,0.0394530374355526
1746369758.017609,0.0394530374355526
1746369758.0346591,0.0394530374355526
1746369758.0517864,0.0394530374355526
1746369758.0689545,0.0394530374355526
1746369758.086135,0.0394530374355526
1746369758.103287,0.0394530374355526
1746369758.1204407,0.0394530374355526
1746369758.1373937,0.0394530374355526
1746369758.1543517,0.0394530374355526
1746369758.1713789,0.0394530374355526
1746369758.188672,0.0394530374355526
1746369758.2059412,0.0394530374355526
1746369758.222962,0.0394530374355526
1746369758.2399025,0.0394530374355526
1746369758.2568593,0.0396772024209818
1746369758.2739131,0.0396772024209818
1746369758.2908745,0.0396772024209818
1746369758.3083916,0.0396772024209818
1746369758.3255186,0.0396772024209818
1746369758.342503,0.0396772024209818
1746369758.3599718,0.0396772024209818
1746369758.3774009,0.0396772024209818
1746369758.394704,0.0396772024209818
1746369758.4117272,0.0396772024209818
1746369758.428944,0.0396772024209818
1746369758.44616,0.0396772024209818
1746369758.4636178,0.0396772024209818
1746369758.480831,0.0396772024209818
1746369758.4978878,0.0396772024209818
1746369758.514912,0.0396772024209818
1746369758.532314,0.0399013674064111
1746369758.5495777,0.0399013674064111
1746369758.5670145,0.0399013674064111
1746369758.5839586,0.0399013674064111
1746369758.6013873,0.0399013674064111
1746369758.6183698,0.0399013674064111
1746369758.6357558,0.0399013674064111
1746369758.6533096,0.0399013674064111
1746369758.670642,0.0399013674064111
1746369758.687956,0.0399013674064111
1746369758.7054818,0.0399013674064111
1746369758.722818,0.0399013674064111
1746369758.7400763,0.0399013674064111
1746369758.7570672,0.0399013674064111
1746369758.7741363,0.0399013674064111
1746369758.7912917,0.0399013674064111
1746369758.808292,0.0401255323918403
1746369758.8257143,0.0401255323918403
1746369758.8429644,0.0401255323918403
1746369758.8599982,0.0401255323918403
1746369758.877353,0.0401255323918403
1746369758.894514,0.0401255323918403
1746369758.9115956,0.0401255323918403
1746369758.9289424,0.0401255323918403
1746369758.9462717,0.0401255323918403
1746369758.963336,0.0401255323918403
1746369758.9805608,0.0401255323918403
1746369758.9975486,0.0401255323918403
1746369759.0145435,0.0401255323918403
1746369759.032022,0.0401255323918403
1746369759.0489955,0.0401255323918403
1746369759.0664122,0.0401255323918403
1746369759.0837588,0.0403496973772696
1746369759.1007838,0.0403496973772696
1746369759.1177912,0.0403496973772696
1746369759.135258,0.0403496973772696
1746369759.152451,0.0403496973772696
1746369759.1694224,0.0403496973772696
1746369759.1864254,0.0403496973772696
1746369759.2034607,0.0403496973772696
1746369759.220492,0.0403496973772696
1746369759.2374566,0.0403496973772696
1746369759.2548676,0.0403496973772696
1746369759.272406,0.0403496973772696
1746369759.289882,0.0403496973772696
1746369759.3069935,0.0403496973772696
1746369759.3240497,0.0403496973772696
1746369759.3411894,0.0403496973772696
1746369759.358491,0.040573862362699
1746369759.3757875,0.040573862362699
1746369759.3930326,0.040573862362699
1746369759.4100854,0.040573862362699
1746369759.4272506,0.040573862362699
1746369759.444326,0.040573862362699
1746369759.461647,0.040573862362699
1746369759.47901,0.040573862362699
1746369759.496311,0.040573862362699
1746369759.5139222,0.040573862362699
1746369759.531196,0.040573862362699
1746369759.5485606,0.040573862362699
1746369759.565873,0.040573862362699
1746369759.5831325,0.040573862362699
1746369759.6007376,0.040573862362699
1746369759.6180644,0.040573862362699
1746369759.6353114,0.0407980273481282
1746369759.6525917,0.0407980273481282
1746369759.6698143,0.0407980273481282
1746369759.6871414,0.0407980273481282
1746369759.704541,0.0407980273481282
1746369759.72209,0.0407980273481282
1746369759.7397437,0.0407980273481282
1746369759.757021,0.0407980273481282
1746369759.7740235,0.0407980273481282
1746369759.7914195,0.0407980273481282
1746369759.8088412,0.0407980273481282
1746369759.8261387,0.0407980273481282
1746369759.843401,0.0407980273481282
1746369759.8606448,0.0407980273481282
1746369759.8780708,0.0407980273481282
1746369759.895212,0.0407980273481282
1746369759.9126265,0.0410221923335575
1746369759.9300294,0.0410221923335575
1746369759.9474812,0.0410221923335575
1746369759.9649432,0.0410221923335575
1746369759.982296,0.0410221923335575
1746369759.9997883,0.0410221923335575
1746369760.0172453,0.0410221923335575
1746369760.0344143,0.0410221923335575
1746369760.0517912,0.0410221923335575
1746369760.069134,0.0410221923335575
1746369760.086547,0.0410221923335575
1746369760.1039448,0.0410221923335575
1746369760.1212754,0.0410221923335575
1746369760.138667,0.0410221923335575
1746369760.1561365,0.0410221923335575
1746369760.173647,0.0410221923335575
1746369760.1910634,0.0412463573189867
1746369760.2085984,0.0412463573189867
1746369760.2262375,0.0412463573189867
1746369760.2434683,0.0412463573189867
1746369760.2606795,0.0412463573189867
1746369760.2778358,0.0412463573189867
1746369760.2950206,0.0412463573189867
1746369760.3122356,0.0412463573189867
1746369760.3292716,0.0412463573189867
1746369760.3465588,0.0412463573189867
1746369760.3638563,0.0412463573189867
1746369760.38163,0.0412463573189867
1746369760.3989391,0.0412463573189867
1746369760.4165435,0.0412463573189867
1746369760.4337437,0.0412463573189867
1746369760.4510396,0.0412463573189867
1746369760.4682477,0.041470522304416
1746369760.485466,0.041470522304416
1746369760.502844,0.041470522304416
1746369760.5200777,0.041470522304416
1746369760.537216,0.041470522304416
1746369760.5544834,0.041470522304416
1746369760.5718226,0.041470522304416
1746369760.5892196,0.041470522304416
1746369760.6065333,0.041470522304416
1746369760.6239316,0.041470522304416
1746369760.6411924,0.041470522304416
1746369760.6585956,0.041470522304416
1746369760.6762729,0.041470522304416
1746369760.6934683,0.041470522304416
1746369760.71079,0.041470522304416
1746369760.728017,0.041470522304416
1746369760.745108,0.0416946872898453
1746369760.762382,0.0416946872898453
1746369760.7798874,0.0416946872898453
1746369760.797168,0.0416946872898453
1746369760.8147702,0.0416946872898453
1746369760.8319445,0.0416946872898453
1746369760.8491778,0.0416946872898453
1746369760.866388,0.0416946872898453
1746369760.8835602,0.0416946872898453
1746369760.9007506,0.0416946872898453
1746369760.917894,0.0416946872898453
1746369760.935269,0.0416946872898453
1746369760.952703,0.0416946872898453
1746369760.9705849,0.0416946872898453
1746369760.9880557,0.0416946872898453
1746369761.0051985,0.0416946872898453
1746369761.0232134,0.0419188522752745
1746369761.040804,0.0419188522752745
1746369761.0579531,0.0419188522752745
1746369761.0753808,0.0419188522752745
1746369761.0924609,0.0419188522752745
1746369761.109528,0.0419188522752745
1746369761.1271453,0.0419188522752745
1746369761.1443725,0.0419188522752745
1746369761.1619415,0.0419188522752745
1746369761.179465,0.0419188522752745
1746369761.1970916,0.0419188522752745
1746369761.2144585,0.0419188522752745
1746369761.2317317,0.0419188522752745
1746369761.249262,0.0419188522752745
1746369761.266667,0.0419188522752745
1746369761.2840643,0.0419188522752745
1746369761.3015387,0.0421430172607039
1746369761.318839,0.0421430172607039
1746369761.3361654,0.0421430172607039
1746369761.3533502,0.0421430172607039
1746369761.3705013,0.0421430172607039
1746369761.388015,0.0421430172607039
1746369761.4053328,0.0421430172607039
1746369761.4227948,0.0421430172607039
1746369761.4405367,0.0421430172607039
1746369761.4581802,0.0421430172607039
1746369761.4756696,0.0421430172607039
1746369761.4929724,0.0421430172607039
1746369761.5106597,0.0421430172607039
1746369761.528016,0.0421430172607039
1746369761.5456386,0.0421430172607039
1746369761.5629408,0.0421430172607039
1746369761.5805311,0.0423671822461331
1746369761.597795,0.0423671822461331
1746369761.6153224,0.0423671822461331
1746369761.6329482,0.0423671822461331
1746369761.650415,0.0423671822461331
1746369761.6677136,0.0423671822461331
1746369761.6850808,0.0423671822461331
1746369761.7026098,0.0423671822461331
1746369761.720135,0.0423671822461331
1746369761.7371724,0.0423671822461331
1746369761.7545354,0.0423671822461331
1746369761.7718654,0.0423671822461331
1746369761.7892752,0.0423671822461331
1746369761.8069055,0.0423671822461331
1746369761.8243763,0.0423671822461331
1746369761.841817,0.0423671822461331
1746369761.859338,0.0425913472315624
1746369761.8766716,0.0425913472315624
1746369761.8939524,0.0425913472315624
1746369761.9113626,0.0425913472315624
1746369761.929066,0.0425913472315624
1746369761.94612,0.0425913472315624
1746369761.9630942,0.0425913472315624
1746369761.9800494,0.0425913472315624
1746369761.9970353,0.0425913472315624
1746369762.0143132,0.0425913472315624
1746369762.0313852,0.0425913472315624
1746369762.048405,0.0425913472315624
1746369762.0654647,0.0425913472315624
1746369762.0825894,0.0425913472315624
1746369762.0996385,0.0425913472315624
1746369762.1167903,0.0425913472315624
1746369762.1340172,0.0428155122169917
1746369762.1509814,0.0428155122169917
1746369762.1679416,0.0428155122169917
1746369762.1849203,0.0428155122169917
1746369762.20191,0.0428155122169917
1746369762.2193837,0.0428155122169917
1746369762.2364185,0.0428155122169917
1746369762.2534566,0.0428155122169917
1746369762.2705383,0.0428155122169917
1746369762.2876403,0.0428155122169917
1746369762.3049898,0.0428155122169917
1746369762.3219805,0.0428155122169917
1746369762.33911,0.0428155122169917
1746369762.3562286,0.0428155122169917
1746369762.3738463,0.0428155122169917
1746369762.390798,0.0428155122169917
1746369762.40793,0.0430396772024209
1746369762.4250307,0.0430396772024209
1746369762.442061,0.0430396772024209
1746369762.45929,0.0430396772024209
1746369762.4763796,0.0430396772024209
1746369762.4934742,0.0430396772024209
1746369762.5105026,0.0430396772024209
1746369762.5276906,0.0430396772024209
1746369762.5448663,0.0430396772024209
1746369762.561851,0.0430396772024209
1746369762.5789533,0.0430396772024209
1746369762.5960238,0.0286931181349473
1746369762.6129932,0.0286931181349473
1746369762.6297376,0.0286931181349473
1746369762.6464992,0.0286931181349473
1746369762.6633017,0.0286931181349473
1746369762.6799872,0.0288425614585667
1746369762.696762,0.0288425614585667
1746369762.7137866,0.0288425614585667
1746369762.7306468,0.0288425614585667
1746369762.7473774,0.0288425614585667
1746369762.764263,0.0288425614585667
1746369762.781116,0.0288425614585667
1746369762.7980385,0.0288425614585667
1746369762.814975,0.0288425614585667
1746369762.8317575,0.0288425614585667
1746369762.8484485,0.0288425614585667
1746369762.865191,0.0288425614585667
1746369762.8821714,0.0288425614585667
1746369762.8989344,0.0288425614585667
1746369762.915651,0.0288425614585667
1746369762.9323986,0.0288425614585667
1746369762.9491453,0.0289920047821863
1746369762.96577,0.0289920047821863
1746369762.9824724,0.0289920047821863
1746369762.999229,0.0289920047821863
1746369763.0162756,0.0289920047821863
1746369763.033074,0.0289920047821863
1746369763.049858,0.0289920047821863
1746369763.0666049,0.0289920047821863
1746369763.0833938,0.0289920047821863
1746369763.100826,0.0289920047821863
1746369763.1179907,0.0289920047821863
1746369763.1353214,0.0289920047821863
1746369763.1520958,0.0289920047821863
1746369763.1687405,0.0289920047821863
1746369763.185496,0.0289920047821863
1746369763.2022314,0.0289920047821863
1746369763.219074,0.0291414481058058
1746369763.2366316,0.0291414481058058
1746369763.254499,0.0291414481058058
1746369763.2711651,0.0291414481058058
1746369763.2881622,0.0291414481058058
1746369763.3052597,0.0291414481058058
1746369763.3223388,0.0291414481058058
1746369763.3394473,0.0291414481058058
1746369763.3563952,0.0291414481058058
1746369763.3731935,0.0291414481058058
1746369763.3903873,0.0291414481058058
1746369763.4074385,0.0291414481058058
1746369763.424605,0.0291414481058058
1746369763.4415572,0.0291414481058058
1746369763.4587195,0.0291414481058058
1746369763.4755402,0.0291414481058058
1746369763.4926417,0.0292908914294254
1746369763.5096574,0.0292908914294254
1746369763.526673,0.0292908914294254
1746369763.5436378,0.0292908914294254
1746369763.560606,0.0292908914294254
1746369763.5775368,0.0292908914294254
1746369763.594736,0.0292908914294254
1746369763.6114907,0.0292908914294254
1746369763.6293194,0.0292908914294254
1746369763.6460066,0.0292908914294254
1746369763.6627345,0.0292908914294254
1746369763.6794567,0.0292908914294254
1746369763.6962748,0.0292908914294254
1746369763.7130072,0.0292908914294254
1746369763.7303526,0.0292908914294254
1746369763.7471037,0.0292908914294254
1746369763.7638884,0.0294403347530448
1746369763.7809348,0.0294403347530448
1746369763.797753,0.0294403347530448
1746369763.8145876,0.0294403347530448
1746369763.8316135,0.0294403347530448
1746369763.8485627,0.0294403347530448
1746369763.8654132,0.0294403347530448
1746369763.882573,0.0294403347530448
1746369763.899329,0.0294403347530448
1746369763.9170074,0.0294403347530448
1746369763.9341087,0.0294403347530448
1746369763.9507854,0.0294403347530448
1746369763.9681232,0.0294403347530448
1746369763.9852314,0.0294403347530448
1746369764.0024314,0.0294403347530448
1746369764.0192518,0.0294403347530448
1746369764.0360954,0.0295897780766644
1746369764.0535698,0.0295897780766644
1746369764.0707788,0.0295897780766644
1746369764.0878744,0.0295897780766644
1746369764.1047952,0.0295897780766644
1746369764.121971,0.0295897780766644
1746369764.1391027,0.0295897780766644
1746369764.156117,0.0295897780766644
1746369764.1728923,0.0295897780766644
1746369764.1896944,0.0295897780766644
1746369764.2066684,0.0295897780766644
1746369764.223848,0.0295897780766644
1746369764.2410104,0.0295897780766644
1746369764.2583148,0.0295897780766644
1746369764.2756011,0.0295897780766644
1746369764.2923112,0.0295897780766644
1746369764.3092706,0.0297392214002839
1746369764.3263044,0.0297392214002839
1746369764.3432517,0.0297392214002839
1746369764.3602817,0.0297392214002839
1746369764.3773215,0.0297392214002839
1746369764.3941686,0.0297392214002839
1746369764.4111216,0.0297392214002839
1746369764.428161,0.0297392214002839
1746369764.445089,0.0297392214002839
1746369764.462914,0.0297392214002839
1746369764.4800196,0.0297392214002839
1746369764.4975529,0.0297392214002839
1746369764.5144606,0.0297392214002839
1746369764.5317,0.0297392214002839
1746369764.5489588,0.0297392214002839
1746369764.5664313,0.0297392214002839
1746369764.583389,0.0298886647239035
1746369764.6002283,0.0298886647239035
1746369764.616991,0.0298886647239035
1746369764.6338742,0.0298886647239035
1746369764.6514158,0.0298886647239035
1746369764.6686215,0.0298886647239035
1746369764.6857076,0.0298886647239035
1746369764.702906,0.0298886647239035
1746369764.7199464,0.0298886647239035
1746369764.7372217,0.0298886647239035
1746369764.7540216,0.0298886647239035
1746369764.7710347,0.0298886647239035
1746369764.7883737,0.0298886647239035
1746369764.8052082,0.0298886647239035
1746369764.822117,0.0298886647239035
1746369764.8392694,0.0298886647239035
1746369764.856645,0.0300381080475229
1746369764.8738596,0.0300381080475229
1746369764.8908336,0.0300381080475229
1746369764.9078598,0.0300381080475229
1746369764.9247012,0.0300381080475229
1746369764.941672,0.0300381080475229
1746369764.9584825,0.0300381080475229
1746369764.975418,0.0300381080475229
1746369764.992427,0.0300381080475229
1746369765.00935,0.0300381080475229
1746369765.0261362,0.0300381080475229
1746369765.043592,0.0300381080475229
1746369765.0605314,0.0300381080475229
1746369765.0783176,0.0300381080475229
1746369765.095448,0.0300381080475229
1746369765.1127946,0.0300381080475229
1746369765.1300812,0.0301875513711424
1746369765.146942,0.0301875513711424
1746369765.1637907,0.0301875513711424
1746369765.1807296,0.0301875513711424
1746369765.1978104,0.0301875513711424
1746369765.2147224,0.0301875513711424
1746369765.2318566,0.0301875513711424
1746369765.2490582,0.0301875513711424
1746369765.2659757,0.0301875513711424
1746369765.2834437,0.0301875513711424
1746369765.3001273,0.0301875513711424
1746369765.316954,0.0301875513711424
1746369765.3341212,0.0301875513711424
1746369765.351343,0.0301875513711424
1746369765.368026,0.0301875513711424
1746369765.3850532,0.0301875513711424
1746369765.4022002,0.030336994694762
1746369765.4192474,0.030336994694762
1746369765.4360363,0.030336994694762
1746369765.4531753,0.030336994694762
1746369765.470292,0.030336994694762
1746369765.4875095,0.030336994694762
1746369765.5045004,0.030336994694762
1746369765.5217156,0.030336994694762
1746369765.5387564,0.030336994694762
1746369765.5556843,0.030336994694762
1746369765.5727186,0.030336994694762
1746369765.58972,0.030336994694762
1746369765.606934,0.030336994694762
1746369765.6240785,0.030336994694762
1746369765.6407714,0.030336994694762
1746369765.6579726,0.030336994694762
1746369765.6753385,0.0304864380183815
1746369765.6928606,0.0304864380183815
1746369765.7099671,0.0304864380183815
1746369765.7274609,0.0304864380183815
1746369765.7442296,0.0304864380183815
1746369765.7610075,0.0304864380183815
1746369765.777867,0.0304864380183815
1746369765.7946315,0.0304864380183815
1746369765.8114097,0.0304864380183815
1746369765.828416,0.0304864380183815
1746369765.8455632,0.0304864380183815
1746369765.8626192,0.0304864380183815
1746369765.8796916,0.0304864380183815
1746369765.8966346,0.0304864380183815
1746369765.9136922,0.0304864380183815
1746369765.930762,0.0304864380183815
1746369765.9478023,0.030635881342001
1746369765.9647171,0.030635881342001
1746369765.9817605,0.030635881342001
1746369765.9987605,0.030635881342001
1746369766.0161865,0.030635881342001
1746369766.033111,0.030635881342001
1746369766.0498896,0.030635881342001
1746369766.0667343,0.030635881342001
1746369766.0836997,0.030635881342001
1746369766.1008077,0.030635881342001
1746369766.1176424,0.030635881342001
1746369766.1344063,0.030635881342001
1746369766.1511974,0.030635881342001
1746369766.1682403,0.030635881342001
1746369766.1851003,0.030635881342001
1746369766.202467,0.030635881342001
1746369766.2193098,0.0307853246656205
1746369766.2360656,0.0307853246656205
1746369766.2532442,0.0307853246656205
1746369766.2701955,0.0307853246656205
1746369766.2872474,0.0307853246656205
1746369766.3042035,0.0307853246656205
1746369766.320995,0.0307853246656205
1746369766.3379378,0.0307853246656205
1746369766.3549016,0.0307853246656205
1746369766.3719263,0.0307853246656205
1746369766.389222,0.0307853246656205
1746369766.4061704,0.0307853246656205
1746369766.423237,0.0307853246656205
1746369766.4402604,0.0307853246656205
1746369766.4572225,0.0307853246656205
1746369766.4742856,0.0307853246656205
1746369766.4912713,0.0309347679892401
1746369766.5085318,0.0309347679892401
1746369766.5252855,0.0309347679892401
1746369766.5424926,0.0309347679892401
1746369766.5594993,0.0309347679892401
1746369766.5763152,0.0309347679892401
1746369766.5932577,0.0309347679892401
1746369766.61035,0.0154673839946199
1746369766.627187,0.0154673839946199
1746369766.6436915,0.0154673839946199
1746369766.66003,0.0154673839946199
1746369766.6765218,0.0154673839946199
1746369766.69311,0.0154673839946199
1746369766.7096462,0.0154673839946199
1746369766.726202,0.0154673839946199
1746369766.7426288,0.0154673839946199
1746369766.7590551,0.0155421056564297
1746369766.775425,0.0155421056564297
1746369766.7918327,0.0155421056564297
1746369766.808397,0.0155421056564297
1746369766.8248787,0.0155421056564297
1746369766.8413758,0.0155421056564297
1746369766.8578928,0.0155421056564297
1746369766.8746707,0.0155421056564297
1746369766.8915818,0.0155421056564297
1746369766.9084723,0.0155421056564297
1746369766.9253273,0.0155421056564297
1746369766.941869,0.0155421056564297
1746369766.9582543,0.0155421056564297
1746369766.974664,0.0155421056564297
1746369766.9916198,0.0155421056564297
1746369767.008263,0.0155421056564297
1746369767.0245686,0.0156168273182395
1746369767.0410984,0.0156168273182395
1746369767.0574334,0.0156168273182395
1746369767.0738604,0.0156168273182395
1746369767.0902057,0.0156168273182395
1746369767.1070263,0.0156168273182395
1746369767.123499,0.0156168273182395
1746369767.13986,0.0156168273182395
1746369767.156213,0.0156168273182395
1746369767.172619,0.0156168273182395
1746369767.1889467,0.0156168273182395
1746369767.2053378,0.0156168273182395
1746369767.2216425,0.0156168273182395
1746369767.2381432,0.0156168273182395
1746369767.2555878,0.0156168273182395
1746369767.2718976,0.0156168273182395
1746369767.288625,0.0156915489800493
1746369767.3051047,0.0156915489800493
1746369767.3216138,0.0156915489800493
1746369767.3388574,0.0156915489800493
1746369767.3554158,0.0156915489800493
1746369767.371717,0.0156915489800493
1746369767.3880055,0.0156915489800493
1746369767.404269,0.0156915489800493
1746369767.4207127,0.0156915489800493
1746369767.4371998,0.0156915489800493
1746369767.4536445,0.0156915489800493
1746369767.4701364,0.0156915489800493
1746369767.4864478,0.0156915489800493
1746369767.502917,0.0156915489800493
1746369767.5195448,0.0156915489800493
1746369767.5362532,0.0156915489800493
1746369767.552936,0.015766270641859
1746369767.5698771,0.015766270641859
1746369767.5861337,0.015766270641859
1746369767.6029806,0.015766270641859
1746369767.6196983,0.015766270641859
1746369767.636187,0.015766270641859
1746369767.6528907,0.015766270641859
1746369767.6693869,0.015766270641859
1746369767.686102,0.015766270641859
1746369767.7024505,0.015766270641859
1746369767.7188833,0.015766270641859
1746369767.7354546,0.015766270641859
1746369767.752394,0.015766270641859
1746369767.7690892,0.015766270641859
1746369767.7855818,0.015766270641859
1746369767.8019333,0.015766270641859
1746369767.8182983,0.0158409923036688
1746369767.8348415,0.0158409923036688
1746369767.8511562,0.0158409923036688
1746369767.867551,0.0158409923036688
1746369767.8842766,0.0158409923036688
1746369767.9005628,0.0158409923036688
1746369767.9169688,0.0158409923036688
1746369767.933749,0.0158409923036688
1746369767.9500244,0.0158409923036688
1746369767.9664724,0.0158409923036688
1746369767.9829414,0.0158409923036688
1746369767.9993708,0.0158409923036688
1746369768.015881,0.0158409923036688
1746369768.0323782,0.0158409923036688
1746369768.048933,0.0158409923036688
1746369768.065305,0.0158409923036688
1746369768.081779,0.0159157139654786
1746369768.0980575,0.0159157139654786
1746369768.1143403,0.0159157139654786
1746369768.1309636,0.0159157139654786
1746369768.148182,0.0159157139654786
1746369768.1644857,0.0159157139654786
1746369768.1809292,0.0159157139654786
1746369768.197485,0.0159157139654786
1746369768.2139077,0.0159157139654786
1746369768.2302525,0.0159157139654786
1746369768.246742,0.0159157139654786
1746369768.2632625,0.0159157139654786
1746369768.2795808,0.0159157139654786
1746369768.2959938,0.0159157139654786
1746369768.3124566,0.0159157139654786
1746369768.3289237,0.0159157139654786
1746369768.3456073,0.0159904356272883
1746369768.362106,0.0159904356272883
1746369768.3785298,0.0159904356272883
1746369768.3949702,0.0159904356272883
1746369768.4114292,0.0159904356272883
1746369768.427933,0.0159904356272883
1746369768.444353,0.0159904356272883
1746369768.4608886,0.0159904356272883
1746369768.4771664,0.0159904356272883
1746369768.4937189,0.0159904356272883
1746369768.5101316,0.0159904356272883
1746369768.5266364,0.0159904356272883
1746369768.543142,0.0159904356272883
1746369768.5599682,0.0159904356272883
1746369768.5764585,0.0159904356272883
1746369768.5928998,0.0159904356272883
1746369768.60923,0.016065157289098
1746369768.6256962,0.016065157289098
1746369768.6423142,0.016065157289098
1746369768.6586266,0.016065157289098
1746369768.675058,0.016065157289098
1746369768.6915886,0.016065157289098
1746369768.7080016,0.016065157289098
1746369768.724381,0.016065157289098
1746369768.7413237,0.016065157289098
1746369768.7587883,0.016065157289098
1746369768.7756052,0.016065157289098
1746369768.7925882,0.016065157289098
1746369768.8089652,0.016065157289098
1746369768.826005,0.016065157289098
1746369768.8430283,0.016065157289098
1746369768.859926,0.016065157289098
1746369768.876272,0.0161398789509078
1746369768.8929243,0.0161398789509078
1746369768.909629,0.0161398789509078
1746369768.9261942,0.0161398789509078
1746369768.9426644,0.0161398789509078
1746369768.9592905,0.0161398789509078
1746369768.9757397,0.0161398789509078
1746369768.9920895,0.0161398789509078
1746369769.008601,0.0161398789509078
1746369769.0250337,0.0161398789509078
1746369769.0415332,0.0161398789509078
1746369769.058041,0.0161398789509078
1746369769.0744505,0.0161398789509078
1746369769.0907855,0.0161398789509078
1746369769.1071165,0.0161398789509078
1746369769.1234896,0.0161398789509078
1746369769.1398897,0.0162146006127176
1746369769.156916,0.0162146006127176
1746369769.173552,0.0162146006127176
1746369769.19033,0.0162146006127176
1746369769.206596,0.0162146006127176
1746369769.2232182,0.0162146006127176
1746369769.2398438,0.0162146006127176
1746369769.2565763,0.0162146006127176
1746369769.273048,0.0162146006127176
1746369769.2893703,0.0162146006127176
1746369769.3056836,0.0162146006127176
1746369769.323449,0.0162146006127176
1746369769.340125,0.0162146006127176
1746369769.357025,0.0162146006127176
1746369769.3740718,0.0162146006127176
1746369769.3906755,0.0162146006127176
1746369769.4070516,0.0162893222745273
1746369769.4235296,0.0162893222745273
1746369769.439956,0.0162893222745273
1746369769.4568095,0.0162893222745273
1746369769.47313,0.0162893222745273
1746369769.489551,0.0162893222745273
1746369769.505929,0.0162893222745273
1746369769.522205,0.0162893222745273
1746369769.538751,0.0162893222745273
1746369769.555831,0.0162893222745273
1746369769.5728986,0.0162893222745273
1746369769.5893998,0.0162893222745273
1746369769.6058886,0.0162893222745273
1746369769.622818,0.0162893222745273
1746369769.639815,0.0162893222745273
1746369769.656684,0.0162893222745273
1746369769.673114,0.0163640439363371
1746369769.6896436,0.0163640439363371
1746369769.7059743,0.0163640439363371
1746369769.722237,0.0163640439363371
1746369769.738489,0.0163640439363371
1746369769.7548392,0.0163640439363371
1746369769.771305,0.0163640439363371
1746369769.7875683,0.0163640439363371
1746369769.8039055,0.0163640439363371
1746369769.820199,0.0163640439363371
1746369769.8367171,0.0163640439363371
1746369769.8534486,0.0163640439363371
1746369769.8700762,0.0163640439363371
1746369769.8864102,0.0163640439363371
1746369769.9029791,0.0163640439363371
1746369769.919803,0.0163640439363371
1746369769.9362226,0.0164387655981469
1746369769.95265,0.0164387655981469
1746369769.9692838,0.0164387655981469
1746369769.986129,0.0164387655981469
1746369770.002403,0.0164387655981469
1746369770.0187788,0.0164387655981469
1746369770.0351412,0.0164387655981469
1746369770.0515316,0.0164387655981469
1746369770.068021,0.0164387655981469
1746369770.0848656,0.0164387655981469
1746369770.101885,0.0164387655981469
1746369770.1186202,0.0164387655981469
1746369770.135257,0.0164387655981469
1746369770.1515975,0.0164387655981469
1746369770.168127,0.0164387655981469
1746369770.1844797,0.0164387655981469
1746369770.2008374,0.0165134872599567
1746369770.2172184,0.0165134872599567
1746369770.233525,0.0165134872599567
1746369770.2498667,0.0165134872599567
1746369770.2662313,0.0165134872599567
1746369770.2825935,0.0165134872599567
1746369770.298946,0.0165134872599567
1746369770.3152876,0.0165134872599567
1746369770.3316088,0.0165134872599567
1746369770.3479023,0.0165134872599567
1746369770.364272,0.0165134872599567
1746369770.3808892,0.0165134872599567
1746369770.397194,0.0165134872599567
1746369770.4135184,0.0165134872599567
1746369770.4297812,0.0165134872599567
1746369770.4460866,0.0165134872599567
1746369770.4628165,0.0165882089217663
1746369770.4796128,0.0165882089217663
1746369770.496223,0.0165882089217663
1746369770.5131018,0.0165882089217663
1746369770.530015,0.0165882089217663
1746369770.5467236,0.0165882089217663
1746369770.5635114,0.0165882089217663
1746369770.5801132,0.0165882089217663
1746369770.5967731,0.0165882089217663
1746369770.613134,0.0165882089217663
1746369770.6294467,0.0165882089217663
1746369770.645743,0.0165882089217663
1746369770.6620872,0.0165882089217663
1746369770.6791942,0.0165882089217663
1746369770.6962097,0.0165882089217663
1746369770.712866,0.0165882089217663
1746369770.7292206,0.0166629305835761
1746369770.745824,0.0166629305835761
1746369770.762163,0.0166629305835761
1746369770.7784834,0.0166629305835761
1746369770.7952263,0.0166629305835761
1746369770.8116186,0.0166629305835761
1746369770.827966,0.0166629305835761
1746369770.8444598,0.0166629305835761
1746369770.861002,0.0166629305835761
1746369770.877423,0.0166629305835761
1746369770.8938234,0.0166629305835761
1746369770.91013,0.0166629305835761
1746369770.9265652,0.0166629305835761
1746369770.9429383,0.0166629305835761
1746369770.9596825,0.0166629305835761
1746369770.976076,0.0166629305835761
1746369770.9926183,0.0167376522453859
1746369771.008901,0.0167376522453859
1746369771.0254753,0.0167376522453859
1746369771.0418985,0.0167376522453859
1746369771.058629,0.0167376522453859
1746369771.0749333,0.0167376522453859
1746369771.0919058,0.0167376522453859
1746369771.1083293,0.0167376522453859
1746369771.124748,0.0167376522453859
1746369771.1410902,0.0167376522453859
1746369771.157637,0.0167376522453859
1746369771.1742492,0.0167376522453859
1746369771.1907582,0.0167376522453859
1746369771.2074144,0.0167376522453859
1746369771.2239237,0.0167376522453859
1746369771.2408636,0.0167376522453859
1746369771.2571526,0.0168123739071957
1746369771.2739582,0.0168123739071957
1746369771.2904692,0.0168123739071957
1746369771.307212,0.0168123739071957
1746369771.3236003,0.0168123739071957
1746369771.339941,0.0168123739071957
1746369771.3563385,0.0168123739071957
1746369771.3727672,0.0168123739071957
1746369771.3892028,0.0168123739071957
1746369771.4057004,0.0168123739071957
1746369771.4221852,0.0168123739071957
1746369771.438598,0.0168123739071957
1746369771.4550874,0.0168123739071957
1746369771.4715598,0.0168123739071957
1746369771.4879613,0.0168123739071957
1746369771.5043015,0.0168123739071957
1746369771.5207884,0.0168870955690054
1746369771.537428,0.0168870955690054
1746369771.553902,0.0168870955690054
1746369771.5704277,0.0168870955690054
1746369771.5869417,0.0168870955690054
1746369771.6037705,0.0168870955690054
1746369771.6201773,0.0168870955690054
1746369771.6366928,0.0168870955690054
1746369771.6531308,0.0168870955690054
1746369771.6694756,0.0168870955690054
1746369771.6857617,0.0168870955690054
1746369771.7022045,0.0168870955690054
1746369771.7185862,0.0168870955690054
1746369771.7348092,0.0168870955690054
1746369771.751172,0.0168870955690054
1746369771.767486,0.0168870955690054
1746369771.7842455,0.0169618172308152
1746369771.8010368,0.0169618172308152
1746369771.818462,0.0169618172308152
1746369771.8350513,0.0169618172308152
1746369771.8513706,0.0169618172308152
1746369771.8682475,0.0169618172308152
1746369771.8846018,0.0169618172308152
1746369771.9008818,0.0169618172308152
1746369771.917182,0.0169618172308152
1746369771.933458,0.0169618172308152
1746369771.9498196,0.0169618172308152
1746369771.9662602,0.0169618172308152
1746369771.9825604,0.0169618172308152
1746369771.998908,0.0169618172308152
1746369772.0154524,0.0169618172308152
1746369772.0317628,0.0169618172308152
1746369772.0480547,0.017036538892625
1746369772.064568,0.017036538892625
1746369772.0809047,0.017036538892625
1746369772.0975013,0.017036538892625
1746369772.114068,0.017036538892625
1746369772.1303194,0.017036538892625
1746369772.1465824,0.017036538892625
1746369772.162951,0.017036538892625
1746369772.1792965,0.017036538892625
1746369772.1962607,0.017036538892625
1746369772.212737,0.017036538892625
1746369772.229182,0.017036538892625
1746369772.2454965,0.017036538892625
1746369772.2619555,0.017036538892625
1746369772.2783062,0.017036538892625
1746369772.2948344,0.017036538892625
1746369772.311401,0.0171112605544346
1746369772.3281248,0.0171112605544346
1746369772.3445044,0.0171112605544346
1746369772.3609805,0.0171112605544346
1746369772.37736,0.0171112605544346
1746369772.393783,0.0171112605544346
1746369772.4101958,0.0171112605544346
1746369772.4265697,0.0171112605544346
1746369772.4429045,0.0171112605544346
1746369772.4593463,0.0171112605544346
1746369772.4757028,0.0171112605544346
1746369772.492057,0.0171112605544346
1746369772.5083983,0.0171112605544346
1746369772.5246763,0.0171112605544346
1746369772.5410025,0.0171112605544346
1746369772.5575726,0.0171112605544346
1746369772.5739446,0.0171859822162444
1746369772.5902658,0.0171859822162444
1746369772.606654,0.0171859822162444
1746369772.623119,0.0171859822162444
1746369772.639444,0.0171859822162444
1746369772.6557455,0.0171859822162444
1746369772.672107,0.0171859822162444
1746369772.6884048,0.0171859822162444
1746369772.7051487,0.0171859822162444
1746369772.7215288,0.0171859822162444
1746369772.7378604,0.0171859822162444
1746369772.7543066,0.0171859822162444
1746369772.7707238,0.0171859822162444
1746369772.7870224,0.0171859822162444
1746369772.8033595,0.0171859822162444
1746369772.8197095,0.0171859822162444
1746369772.8362677,0.0172607038780542
1746369772.852594,0.0172607038780542
1746369772.8690217,0.0172607038780542
1746369772.8853643,0.0172607038780542
1746369772.9023058,0.0172607038780542
1746369772.9187973,0.0172607038780542
1746369772.935177,0.0172607038780542
1746369772.951507,0.0172607038780542
1746369772.968891,0.0172607038780542
1746369772.9857657,0.0172607038780542
1746369773.0021546,0.0172607038780542
1746369773.01868,0.0172607038780542
1746369773.0353005,0.0172607038780542
1746369773.051577,0.0172607038780542
1746369773.0682173,0.0172607038780542
1746369773.0847557,0.0172607038780542
1746369773.1010647,0.017335425539864
1746369773.11754,0.017335425539864
1746369773.1340132,0.017335425539864
1746369773.150285,0.017335425539864
1746369773.1667988,0.017335425539864
1746369773.183189,0.017335425539864
1746369773.1997051,0.017335425539864
1746369773.2161565,0.017335425539864
1746369773.2326796,0.017335425539864
1746369773.2489247,0.017335425539864
1746369773.2653396,0.017335425539864
1746369773.281691,0.017335425539864
1746369773.2980406,0.017335425539864
1746369773.3143735,0.017335425539864
1746369773.3309865,0.017335425539864
1746369773.3478975,0.017335425539864
1746369773.3643024,0.0174101472016737
1746369773.3805776,0.0174101472016737
1746369773.397014,0.0174101472016737
1746369773.413333,0.0174101472016737
1746369773.4296567,0.0174101472016737
1746369773.4460633,0.0174101472016737
1746369773.4627128,0.0174101472016737
1746369773.4790952,0.0174101472016737
1746369773.4956987,0.0174101472016737
1746369773.512051,0.0174101472016737
1746369773.5286915,0.0174101472016737
1746369773.5450137,0.0174101472016737
1746369773.5616302,0.0174101472016737
1746369773.578073,0.0174101472016737
1746369773.594601,0.0174101472016737
1746369773.6108756,0.0174101472016737
1746369773.6277668,0.0174848688634835
1746369773.6443276,0.0174848688634835
1746369773.6606712,0.0174848688634835
1746369773.6774654,0.0174848688634835
1746369773.6940365,0.0174848688634835
1746369773.7104423,0.0174848688634835
1746369773.7267592,0.0174848688634835
1746369773.7429986,0.0174848688634835
1746369773.7598224,0.0174848688634835
1746369773.7763116,0.0174848688634835
1746369773.7926695,0.0174848688634835
1746369773.80908,0.0174848688634835
1746369773.8254366,0.0174848688634835
1746369773.8419926,0.0174848688634835
1746369773.8583314,0.0174848688634835
1746369773.8747208,0.0174848688634835
1746369773.891575,0.0175595905252933
1746369773.9080234,0.0175595905252933
1746369773.924612,0.0175595905252933
1746369773.9409354,0.0175595905252933
1746369773.9574215,0.0175595905252933
1746369773.973874,0.0175595905252933
1746369773.9905589,0.0175595905252933
1746369774.0074005,0.0175595905252933
1746369774.0239818,0.0175595905252933
1746369774.0403063,0.0175595905252933
1746369774.056996,0.0175595905252933
1746369774.073619,0.0175595905252933
1746369774.0900838,0.0175595905252933
1746369774.1063938,0.0175595905252933
1746369774.123165,0.0175595905252933
1746369774.1396303,0.0175595905252933
1746369774.156113,0.017634312187103
1746369774.1725245,0.017634312187103
1746369774.1890397,0.017634312187103
1746369774.2055006,0.017634312187103
1746369774.222005,0.017634312187103
1746369774.2384632,0.017634312187103
1746369774.255195,0.017634312187103
1746369774.271691,0.017634312187103
1746369774.288176,0.017634312187103
1746369774.3045857,0.017634312187103
1746369774.3211095,0.017634312187103
1746369774.337502,0.017634312187103
1746369774.354377,0.017634312187103
1746369774.3712096,0.017634312187103
1746369774.3881178,0.017634312187103
1746369774.4048097,0.017634312187103
1746369774.421132,0.0177090338489127
1746369774.4375331,0.0177090338489127
1746369774.4541352,0.0177090338489127
1746369774.470507,0.0177090338489127
1746369774.48728,0.0177090338489127
1746369774.5035448,0.0177090338489127
1746369774.5200615,0.0177090338489127
1746369774.5364833,0.0177090338489127
1746369774.5528789,0.0177090338489127
1746369774.569653,0.0177090338489127
1746369774.5860217,0.0177090338489127
1746369774.6023605,0.0177090338489127
1746369774.6188705,0.0177090338489127
1746369774.6352985,0.0177090338489127
1746369774.6517491,0.0177090338489127
1746369774.6683967,0.0177090338489127
1746369774.6848145,0.0177837555107225
1746369774.701569,0.0177837555107225
1746369774.717936,0.0177837555107225
1746369774.734497,0.0177837555107225
1746369774.7508743,0.0177837555107225
1746369774.76749,0.0177837555107225
1746369774.7838595,0.0177837555107225
1746369774.8001924,0.0177837555107225
1746369774.8165438,0.0177837555107225
1746369774.8331275,0.0177837555107225
1746369774.8495052,0.0177837555107225
1746369774.8659124,0.0177837555107225
1746369774.8822477,0.0177837555107225
1746369774.8988028,0.0177837555107225
1746369774.9152396,0.0177837555107225
1746369774.9321404,0.0177837555107225
1746369774.9485023,0.0178584771725323
1746369774.9648647,0.0178584771725323
1746369774.9812188,0.0178584771725323
1746369774.997581,0.0178584771725323
1746369775.0143042,0.0178584771725323
1746369775.030778,0.0178584771725323
1746369775.0475466,0.0178584771725323
1746369775.064185,0.0178584771725323
1746369775.080644,0.0178584771725323
1746369775.0971508,0.0178584771725323
1746369775.11349,0.0178584771725323
1746369775.129876,0.0178584771725323
1746369775.1464074,0.0178584771725323
1746369775.1628768,0.0178584771725323
1746369775.179742,0.0178584771725323
1746369775.1962245,0.0178584771725323
1746369775.212777,0.017933198834342
1746369775.2291768,0.017933198834342
1746369775.245734,0.017933198834342
1746369775.2621837,0.017933198834342
1746369775.2786968,0.017933198834342
1746369775.2952006,0.017933198834342
1746369775.3116095,0.017933198834342
1746369775.328052,0.017933198834342
1746369775.344898,0.017933198834342
1746369775.3617215,0.017933198834342
1746369775.37844,0.017933198834342
1746369775.394821,0.017933198834342
1746369775.4112103,0.017933198834342
1746369775.4274712,0.017933198834342
1746369775.4438243,0.017933198834342
1746369775.460215,0.017933198834342
1746369775.4769688,0.0180079204961518
1746369775.493343,0.0180079204961518
1746369775.5096695,0.0180079204961518
1746369775.5260217,0.0180079204961518
1746369775.542272,0.0180079204961518
1746369775.558719,0.0180079204961518
1746369775.5754857,0.0180079204961518
1746369775.591838,0.0180079204961518
1746369775.608164,0.0180079204961518
1746369775.6244884,0.0180079204961518
1746369775.640804,0.0180079204961518
1746369775.6571848,0.0180079204961518
1746369775.6738088,0.0180079204961518
1746369775.6909592,0.0180079204961518
1746369775.7074275,0.0180079204961518
1746369775.7237737,0.0180079204961518
1746369775.7400675,0.0180826421579616
1746369775.756755,0.0180826421579616
1746369775.773104,0.0180826421579616
1746369775.789658,0.0180826421579616
1746369775.8060706,0.0180826421579616
1746369775.822491,0.0180826421579616
1746369775.83892,0.0180826421579616
1746369775.8552597,0.0180826421579616
1746369775.8717344,0.0180826421579616
1746369775.8883867,0.0180826421579616
1746369775.9051,0.0180826421579616
1746369775.9216115,0.0180826421579616
1746369775.938033,0.0180826421579616
1746369775.9545293,0.0180826421579616
1746369775.9712276,0.0180826421579616
1746369775.987548,0.0180826421579616
1746369776.004042,0.0181573638197714
1746369776.0205853,0.0181573638197714
1746369776.0370772,0.0181573638197714
1746369776.0535111,0.0181573638197714
1746369776.070212,0.0181573638197714
1746369776.0868444,0.0181573638197714
1746369776.1033049,0.0181573638197714
1746369776.1198044,0.0181573638197714
1746369776.1362004,0.0181573638197714
1746369776.1525612,0.0181573638197714
1746369776.1689465,0.0181573638197714
1746369776.185263,0.0181573638197714
1746369776.202123,0.0181573638197714
1746369776.2186575,0.0181573638197714
1746369776.2350483,0.0181573638197714
1746369776.2513974,0.0181573638197714
1746369776.26777,0.018232085481581
1746369776.284157,0.018232085481581
1746369776.3007824,0.018232085481581
1746369776.317383,0.018232085481581
1746369776.3337753,0.018232085481581
1746369776.35023,0.018232085481581
1746369776.3666942,0.018232085481581
1746369776.3833392,0.018232085481581
1746369776.4001076,0.018232085481581
1746369776.416563,0.018232085481581
1746369776.4329872,0.018232085481581
1746369776.449469,0.018232085481581
1746369776.4658344,0.018232085481581
1746369776.4823186,0.018232085481581
1746369776.4987285,0.018232085481581
1746369776.5153828,0.018232085481581
1746369776.5320811,0.0183068071433908
1746369776.5485334,0.0183068071433908
1746369776.5654886,0.0183068071433908
1746369776.581956,0.0183068071433908
1746369776.5985277,0.0183068071433908
1746369776.6149392,0.0183068071433908
1746369776.6313758,0.0183068071433908
1746369776.6481185,0.0183068071433908
1746369776.6645098,0.0183068071433908
1746369776.6808755,0.0183068071433908
1746369776.6973443,0.0183068071433908
1746369776.714044,0.0183068071433908
1746369776.7307062,0.0183068071433908
1746369776.747152,0.0183068071433908
1746369776.7634716,0.0183068071433908
1746369776.7798584,0.0183068071433908
1746369776.796394,0.0183815288052006
1746369776.8131714,0.0183815288052006
1746369776.829538,0.0183815288052006
1746369776.8460944,0.0183815288052006
1746369776.8625634,0.0183815288052006
1746369776.8790357,0.0183815288052006
1746369776.8953817,0.0183815288052006
1746369776.9118087,0.0183815288052006
1746369776.928318,0.0183815288052006
1746369776.9448495,0.0183815288052006
1746369776.9613483,0.0183815288052006
1746369776.977786,0.0183815288052006
1746369776.9942453,0.0183815288052006
1746369777.010563,0.0183815288052006
1746369777.026975,0.0183815288052006
1746369777.0434368,0.0183815288052006
1746369777.0600858,0.0184562504670103
1746369777.0765324,0.0184562504670103
1746369777.0931563,0.0184562504670103
1746369777.1097696,0.0184562504670103
1746369777.1261542,0.0184562504670103
1746369777.1425045,0.0184562504670103
1746369777.1589377,0.0184562504670103
1746369777.1754687,0.0184562504670103
1746369777.191821,0.0184562504670103
1746369777.2082665,0.0184562504670103
1746369777.2245972,0.0184562504670103
1746369777.240889,0.0184562504670103
1746369777.257615,0.0184562504670103
1746369777.2743845,0.0184562504670103
1746369777.2909222,0.0184562504670103
1746369777.3074696,0.0184562504670103
1746369777.324206,0.0185309721288201
1746369777.340656,0.0185309721288201
1746369777.357051,0.0185309721288201
1746369777.3734646,0.0185309721288201
1746369777.39002,0.0185309721288201
1746369777.4065695,0.0185309721288201
1746369777.4230838,0.0185309721288201
1746369777.4395328,0.0185309721288201
1746369777.4560387,0.0185309721288201
1746369777.472602,0.0185309721288201
1746369777.4892526,0.0185309721288201
1746369777.5061452,0.0185309721288201
1746369777.5229206,0.0185309721288201
1746369777.539423,0.0185309721288201
1746369777.5559416,0.0185309721288201
1746369777.572482,0.0185309721288201
1746369777.589129,0.0186056937906299
1746369777.6055627,0.0186056937906299
1746369777.6221156,0.0186056937906299
1746369777.638523,0.0186056937906299
1746369777.6550822,0.0186056937906299
1746369777.6718273,0.0186056937906299
1746369777.6883595,0.0186056937906299
1746369777.705202,0.0186056937906299
1746369777.7217724,0.0186056937906299
1746369777.7387896,0.0186056937906299
1746369777.755209,0.0186056937906299
1746369777.7717142,0.0186056937906299
1746369777.788337,0.0186056937906299
1746369777.8050342,0.0186056937906299
1746369777.8216493,0.0186056937906299
1746369777.8380556,0.0186056937906299
1746369777.8543966,0.0186804154524397
1746369777.87068,0.0186804154524397
1746369777.8871813,0.0186804154524397
1746369777.9037514,0.0186804154524397
1746369777.9202404,0.0186804154524397
1746369777.9370782,0.0186804154524397
1746369777.953508,0.0186804154524397
1746369777.9699154,0.0186804154524397
1746369777.986383,0.0186804154524397
1746369778.0027988,0.0186804154524397
1746369778.0192025,0.0186804154524397
1746369778.0356128,0.0186804154524397
1746369778.0521677,0.0186804154524397
1746369778.068551,0.0186804154524397
1746369778.085034,0.0186804154524397
1746369778.1015298,0.0186804154524397
1746369778.1182055,0.0187551371142494
1746369778.1349792,0.0187551371142494
1746369778.1514516,0.0187551371142494
1746369778.167957,0.0187551371142494
1746369778.1844518,0.0187551371142494
1746369778.2008843,0.0187551371142494
1746369778.217455,0.0187551371142494
1746369778.233977,0.0187551371142494
1746369778.2503629,0.0187551371142494
1746369778.266933,0.0187551371142494
1746369778.283707,0.0187551371142494
1746369778.300182,0.0187551371142494
1746369778.3168645,0.0187551371142494
1746369778.333531,0.0187551371142494
1746369778.3500204,0.0187551371142494
1746369778.3665955,0.0187551371142494
1746369778.3830829,0.0188298587760591
1746369778.3994534,0.0188298587760591
1746369778.415871,0.0188298587760591
1746369778.4326072,0.0188298587760591
1746369778.4489596,0.0188298587760591
1746369778.465304,0.0188298587760591
1746369778.481712,0.0188298587760591
1746369778.4982195,0.0188298587760591
1746369778.514667,0.0188298587760591
1746369778.5311923,0.0188298587760591
1746369778.548011,0.0188298587760591
1746369778.5645256,0.0188298587760591
1746369778.5809977,0.0188298587760591
1746369778.5974972,0.0188298587760591
1746369778.613869,0.0188298587760591
1746369778.630323,0.0188298587760591
1746369778.6467006,0.0189045804378689
1746369778.6633031,0.0189045804378689
1746369778.6798236,0.0189045804378689
1746369778.696554,0.0189045804378689
1746369778.7130527,0.0189045804378689
1746369778.7296336,0.0189045804378689
1746369778.746885,0.0189045804378689
1746369778.7635708,0.0189045804378689
1746369778.780469,0.0189045804378689
1746369778.7968392,0.0189045804378689
1746369778.8136728,0.0189045804378689
1746369778.830161,0.0189045804378689
1746369778.8466551,0.0189045804378689
1746369778.8630772,0.0189045804378689
1746369778.8797448,0.0189045804378689
1746369778.8963382,0.0189045804378689
1746369778.9129643,0.0189793020996786
1746369778.929572,0.0189793020996786
1746369778.9463038,0.0189793020996786
1746369778.9628668,0.0189793020996786
1746369778.9792182,0.0189793020996786
1746369778.9956143,0.0189793020996786
1746369779.0119102,0.0189793020996786
1746369779.0285802,0.0189793020996786
1746369779.045769,0.0189793020996786
1746369779.062294,0.0189793020996786
1746369779.0786898,0.0189793020996786
1746369779.0951092,0.0189793020996786
1746369779.111439,0.0189793020996786
1746369779.127762,0.0189793020996786
1746369779.144099,0.0189793020996786
1746369779.160756,0.0189793020996786
1746369779.1771047,0.0190540237614884
1746369779.193384,0.0190540237614884
1746369779.2096443,0.0190540237614884
1746369779.2258875,0.0190540237614884
1746369779.2421308,0.0190540237614884
1746369779.258325,0.0190540237614884
1746369779.2746403,0.0190540237614884
1746369779.2910006,0.0190540237614884
1746369779.3072746,0.0190540237614884
1746369779.3235674,0.0190540237614884
1746369779.339945,0.0190540237614884
1746369779.3565314,0.0190540237614884
1746369779.3727934,0.0190540237614884
1746369779.3891246,0.0190540237614884
1746369779.4054492,0.0190540237614884
1746369779.4217682,0.0190540237614884
1746369779.4380991,0.0191287454232982
1746369779.4544048,0.0191287454232982
1746369779.4707415,0.0191287454232982
1746369779.487136,0.0191287454232982
1746369779.5034225,0.0191287454232982
1746369779.519752,0.0191287454232982
1746369779.5360756,0.0191287454232982
1746369779.5525532,0.0191287454232982
1746369779.5691545,0.0191287454232982
1746369779.585662,0.0191287454232982
1746369779.6024446,0.0191287454232982
1746369779.6189811,0.0191287454232982
1746369779.6355152,0.0191287454232982
1746369779.6520631,0.0191287454232982
1746369779.6687045,0.0191287454232982
1746369779.6852093,0.0191287454232982
1746369779.7018306,0.019203467085108
1746369779.7186253,0.019203467085108
1746369779.7351906,0.019203467085108
1746369779.7517529,0.019203467085108
1746369779.7685206,0.019203467085108
1746369779.7851334,0.019203467085108
1746369779.8018084,0.019203467085108
1746369779.8187623,0.019203467085108
1746369779.835487,0.019203467085108
1746369779.8520272,0.019203467085108
1746369779.8684964,0.019203467085108
1746369779.885118,0.019203467085108
1746369779.9022288,0.019203467085108
1746369779.918915,0.019203467085108
1746369779.9355118,0.019203467085108
1746369779.952151,0.019203467085108
1746369779.9689727,0.0192781887469177
1746369779.9856036,0.0192781887469177
1746369780.0023358,0.0192781887469177
1746369780.0191376,0.0192781887469177
1746369780.0357757,0.0192781887469177
1746369780.052379,0.0192781887469177
1746369780.0690978,0.0192781887469177
1746369780.085708,0.0192781887469177
1746369780.1023293,0.0192781887469177
1746369780.11903,0.0192781887469177
1746369780.135549,0.0192781887469177
1746369780.1520698,0.0192781887469177
1746369780.1686804,0.0192781887469177
1746369780.1854656,0.0192781887469177
1746369780.202199,0.0192781887469177
1746369780.2188296,0.0192781887469177
1746369780.235325,0.0193529104087274
1746369780.251812,0.0193529104087274
1746369780.2684095,0.0193529104087274
1746369780.285249,0.0193529104087274
1746369780.301852,0.0193529104087274
1746369780.3184705,0.0193529104087274
1746369780.33508,0.0193529104087274
1746369780.351685,0.0193529104087274
1746369780.3682857,0.0193529104087274
1746369780.3852625,0.0193529104087274
1746369780.4018643,0.0193529104087274
1746369780.4184284,0.0193529104087274
1746369780.435051,0.0193529104087274
1746369780.451587,0.0193529104087274
1746369780.468081,0.0193529104087274
1746369780.4846096,0.0193529104087274
1746369780.5012074,0.0194276320705372
1746369780.5178576,0.0194276320705372
1746369780.5344808,0.0194276320705372
1746369780.551044,0.0194276320705372
1746369780.5675905,0.0194276320705372
1746369780.5842156,0.0194276320705372
1746369780.6008,0.0194276320705372
1746369780.617534,0.0194276320705372
1746369780.6344197,0.0194276320705372
1746369780.650905,0.0194276320705372
1746369780.667848,0.0194276320705372
1746369780.6844654,0.0194276320705372
1746369780.7009227,0.0194276320705372
1746369780.7175074,0.0194276320705372
1746369780.734105,0.0194276320705372
1746369780.7506704,0.0194276320705372
1746369780.7672365,0.0195023537323469
1746369780.783965,0.0195023537323469
1746369780.800711,0.0195023537323469
1746369780.8172014,0.0195023537323469
1746369780.8340487,0.0195023537323469
1746369780.8510416,0.0195023537323469
1746369780.8689015,0.0195023537323469
1746369780.885292,0.0195023537323469
1746369780.90173,0.0195023537323469
1746369780.9181762,0.0195023537323469
1746369780.9346828,0.0195023537323469
1746369780.9511056,0.0195023537323469
1746369780.9676583,0.0195023537323469
1746369780.9845862,0.0195023537323469
1746369781.0013876,0.0195023537323469
1746369781.0181134,0.0195023537323469
1746369781.034701,0.0195770753941567
1746369781.0513089,0.0195770753941567
1746369781.067827,0.0195770753941567
1746369781.0845144,0.0195770753941567
1746369781.1014714,0.0195770753941567
1746369781.1180842,0.0195770753941567
1746369781.1345782,0.0195770753941567
1746369781.1512184,0.0195770753941567
1746369781.1684215,0.0195770753941567
1746369781.185079,0.0195770753941567
1746369781.20182,0.0195770753941567
1746369781.2182574,0.0195770753941567
1746369781.234913,0.0195770753941567
1746369781.251634,0.0195770753941567
1746369781.268298,0.0195770753941567
1746369781.2850287,0.0195770753941567
1746369781.3017294,0.0196517970559665
1746369781.3182898,0.0196517970559665
1746369781.334919,0.0196517970559665
1746369781.3517442,0.0196517970559665
1746369781.3683934,0.0196517970559665
1746369781.3849616,0.0196517970559665
1746369781.4016228,0.0196517970559665
1746369781.4185,0.0196517970559665
1746369781.4351022,0.0196517970559665
1746369781.452196,0.0196517970559665
1746369781.4686334,0.0196517970559665
1746369781.4853814,0.0196517970559665
1746369781.5019324,0.0196517970559665
1746369781.5186274,0.0196517970559665
1746369781.5352352,0.0196517970559665
1746369781.5517497,0.0196517970559665
1746369781.5685449,0.0197265187177763
1746369781.58508,0.0197265187177763
1746369781.60166,0.0197265187177763
1746369781.6182692,0.0197265187177763
1746369781.6348476,0.0197265187177763
1746369781.65146,0.0197265187177763
1746369781.6681,0.0197265187177763
1746369781.684841,0.0197265187177763
1746369781.7014964,0.0197265187177763
1746369781.7180424,0.0197265187177763
1746369781.7344844,0.0197265187177763
1746369781.7509646,0.0197265187177763
1746369781.768037,0.0197265187177763
1746369781.7847557,0.0197265187177763
1746369781.801361,0.0197265187177763
1746369781.8183372,0.0197265187177763
1746369781.8351743,0.019801240379586
1746369781.8516276,0.019801240379586
1746369781.86878,0.019801240379586
1746369781.8853903,0.019801240379586
1746369781.902074,0.019801240379586
1746369781.9188178,0.019801240379586
1746369781.9352803,0.019801240379586
1746369781.9518745,0.019801240379586
1746369781.9683974,0.019801240379586
1746369781.98483,0.019801240379586
1746369782.0013216,0.019801240379586
1746369782.0177946,0.019801240379586
1746369782.034642,0.019801240379586
1746369782.0512152,0.019801240379586
1746369782.068516,0.019801240379586
1746369782.0850568,0.019801240379586
1746369782.1017375,0.0198759620413958
1746369782.1183758,0.0198759620413958
1746369782.1348815,0.0198759620413958
1746369782.151481,0.0198759620413958
1746369782.168101,0.0198759620413958
1746369782.18484,0.0198759620413958
1746369782.2015927,0.0198759620413958
1746369782.2181852,0.0198759620413958
1746369782.2350152,0.0198759620413958
1746369782.2515793,0.0198759620413958
1746369782.2680442,0.0198759620413958
1746369782.2845583,0.0198759620413958
1746369782.3011396,0.0198759620413958
1746369782.3177888,0.0198759620413958
1746369782.3343215,0.0198759620413958
1746369782.350909,0.0198759620413958
1746369782.367484,0.0199506837032055
1746369782.38413,0.0199506837032055
1746369782.400869,0.0199506837032055
1746369782.4174538,0.0199506837032055
1746369782.442044,0.0199506837032055
1746369782.458941,0.0199506837032055
1746369782.4754572,0.0199506837032055
1746369782.492035,0.0199506837032055
1746369782.508561,0.0199506837032055
1746369782.5250902,0.0199506837032055
1746369782.5420506,0.0199506837032055
1746369782.5591986,0.0199506837032055
1746369782.5762107,0.0199506837032055
1746369782.593057,0.0199506837032055
1746369782.609594,0.0199506837032055
1746369782.6260853,0.0199506837032055
1746369782.642808,0.0200254053650152
1746369782.659283,0.0200254053650152
1746369782.675841,0.0200254053650152
1746369782.692357,0.0200254053650152
1746369782.7088404,0.0200254053650152
1746369782.725275,0.0200254053650152
1746369782.7418385,0.0200254053650152
1746369782.758641,0.0200254053650152
1746369782.7753634,0.0200254053650152
1746369782.7920728,0.0200254053650152
1746369782.8086934,0.0200254053650152
1746369782.8251886,0.0200254053650152
1746369782.8419592,0.0200254053650152
1746369782.8584282,0.0200254053650152
1746369782.8751948,0.0200254053650152
1746369782.8916936,0.0200254053650152
1746369782.9085348,0.020100127026825
1746369782.925265,0.020100127026825
1746369782.941682,0.020100127026825
1746369782.9587083,0.020100127026825
1746369782.9754016,0.020100127026825
1746369782.991799,0.020100127026825
1746369783.0088215,0.020100127026825
1746369783.0253382,0.020100127026825
1746369783.0421665,0.020100127026825
1746369783.0586438,0.020100127026825
1746369783.075159,0.020100127026825
1746369783.0916586,0.020100127026825
1746369783.1081529,0.020100127026825
1746369783.1246405,0.020100127026825
1746369783.1413548,0.020100127026825
1746369783.157914,0.020100127026825
1746369783.1744747,0.0201748486886348
1746369783.1909778,0.0201748486886348
1746369783.2077084,0.0201748486886348
1746369783.2242093,0.0201748486886348
1746369783.2407384,0.0201748486886348
1746369783.2575436,0.0201748486886348
1746369783.2740114,0.0201748486886348
1746369783.290499,0.0201748486886348
1746369783.3071046,0.0201748486886348
1746369783.3239205,0.0201748486886348
1746369783.3404684,0.0201748486886348
1746369783.3569372,0.0201748486886348
1746369783.373402,0.0201748486886348
1746369783.3899524,0.0201748486886348
1746369783.4064882,0.0201748486886348
1746369783.4230514,0.0201748486886348
1746369783.4395506,0.0202495703504446
1746369783.4563043,0.0202495703504446
1746369783.4727385,0.0202495703504446
1746369783.4891975,0.0202495703504446
1746369783.505756,0.0202495703504446
1746369783.5223825,0.0202495703504446
1746369783.53887,0.0202495703504446
1746369783.5553155,0.0202495703504446
1746369783.571777,0.0202495703504446
1746369783.5883849,0.0202495703504446
1746369783.6050048,0.0202495703504446
1746369783.621602,0.0202495703504446
1746369783.6382182,0.0202495703504446
1746369783.6550677,0.0202495703504446
1746369783.6715622,0.0202495703504446
1746369783.6881278,0.0202495703504446
1746369783.7046783,0.0203242920122543
1746369783.7212448,0.0203242920122543
1746369783.7378366,0.0203242920122543
1746369783.7543612,0.0203242920122543
1746369783.7708871,0.0203242920122543
1746369783.787442,0.0203242920122543
1746369783.8040109,0.0203242920122543
1746369783.8205483,0.0203242920122543
1746369783.8373518,0.0203242920122543
1746369783.8539374,0.0203242920122543
1746369783.8707364,0.0203242920122543
1746369783.8872232,0.0203242920122543
1746369783.9038138,0.0203242920122543
1746369783.9204009,0.0203242920122543
1746369783.9370377,0.0203242920122543
1746369783.953546,0.0203242920122543
1746369783.9703045,0.0203990136740641
1746369783.9868336,0.0203990136740641
1746369784.0033417,0.0203990136740641
1746369784.020018,0.0203990136740641
1746369784.0364969,0.0203990136740641
1746369784.052975,0.0203990136740641
1746369784.0695126,0.0203990136740641
1746369784.0860622,0.0203990136740641
1746369784.1025424,0.0203990136740641
1746369784.119721,0.0203990136740641
1746369784.1362703,0.0203990136740641
1746369784.152781,0.0203990136740641
1746369784.1692653,0.0203990136740641
1746369784.1857486,0.0203990136740641
1746369784.202297,0.0203990136740641
1746369784.218802,0.0203990136740641
1746369784.2354207,0.0204737353358738
1746369784.2519815,0.0204737353358738
1746369784.2686973,0.0204737353358738
1746369784.2852724,0.0204737353358738
1746369784.3018224,0.0204737353358738
1746369784.3183246,0.0204737353358738
1746369784.3349016,0.0204737353358738
1746369784.352327,0.0204737353358738
1746369784.369285,0.0204737353358738
1746369784.3859222,0.0204737353358738
1746369784.4026854,0.0204737353358738
1746369784.4193387,0.0204737353358738
1746369784.4360292,0.0204737353358738
1746369784.452778,0.0204737353358738
1746369784.469702,0.0204737353358738
1746369784.4864004,0.0204737353358738
1746369784.5030644,0.0205484569976835
1746369784.5197146,0.0205484569976835
1746369784.536404,0.0205484569976835
1746369784.5530322,0.0205484569976835
1746369784.5696688,0.0205484569976835
1746369784.5862932,0.0205484569976835
1746369784.6028411,0.0205484569976835
1746369784.6193595,0.0205484569976835
1746369784.6359649,0.0205484569976835
1746369784.6526074,0.0205484569976835
1746369784.669295,0.0205484569976835
1746369784.6861205,0.0205484569976835
1746369784.7027612,0.0205484569976835
1746369784.719309,0.0205484569976835
1746369784.7358878,0.0205484569976835
1746369784.7524602,0.0205484569976835
1746369784.7690487,0.0206231786594933
1746369784.785918,0.0206231786594933
1746369784.802717,0.0206231786594933
1746369784.819672,0.0206231786594933
1746369784.8368046,0.0206231786594933
1746369784.853775,0.0206231786594933
1746369784.8708923,0.0206231786594933
1746369784.8886132,0.0206231786594933
1746369784.905264,0.0206231786594933
1746369784.922361,0.0206231786594933
1746369784.9388835,0.0206231786594933
1746369784.9561484,0.0206231786594933
1746369784.9726646,0.0206231786594933
1746369784.9896502,0.0206231786594933
1746369785.0065894,0.0206231786594933
1746369785.0231614,0.0206231786594933
1746369785.0397575,0.0206979003213031
1746369785.056673,0.0206979003213031
1746369785.0738454,0.0206979003213031
1746369785.0912364,0.0206979003213031
1746369785.1087306,0.0206979003213031
1746369785.1256354,0.0206979003213031
1746369785.1424394,0.0206979003213031
1746369785.1596506,0.0206979003213031
1746369785.176457,0.0206979003213031
1746369785.1935952,0.0206979003213031
1746369785.2110183,0.0206979003213031
1746369785.2280152,0.0206979003213031
1746369785.244912,0.0206979003213031
1746369785.2620306,0.0206979003213031
1746369785.279098,0.0206979003213031
1746369785.2963405,0.0206979003213031
1746369785.3129432,0.0207726219831129
1746369785.3299625,0.0207726219831129
1746369785.3472898,0.0207726219831129
1746369785.364285,0.0207726219831129
1746369785.3814917,0.0207726219831129
1746369785.3985405,0.0207726219831129
1746369785.4155395,0.0207726219831129
1746369785.43243,0.0207726219831129
1746369785.4492877,0.0207726219831129
1746369785.4659646,0.0207726219831129
1746369785.4835467,0.0207726219831129
1746369785.500914,0.0207726219831129
1746369785.5175817,0.0207726219831129
1746369785.5345554,0.0207726219831129
1746369785.5512238,0.0207726219831129
1746369785.56824,0.0207726219831129
1746369785.5849328,0.0208473436449226
1746369785.6016293,0.0208473436449226
1746369785.6183276,0.0208473436449226
1746369785.6350293,0.0208473436449226
1746369785.651817,0.0208473436449226
1746369785.668646,0.0208473436449226
1746369785.6863978,0.0208473436449226
1746369785.7035468,0.0208473436449226
1746369785.7202852,0.0208473436449226
1746369785.7368865,0.0208473436449226
1746369785.753879,0.0208473436449226
1746369785.7707543,0.0208473436449226
1746369785.7873304,0.0208473436449226
1746369785.8041637,0.0208473436449226
1746369785.8208094,0.0208473436449226
1746369785.8374493,0.0208473436449226
1746369785.8540907,0.0209220653067324
1746369785.8709447,0.0209220653067324
1746369785.8876183,0.0209220653067324
1746369785.904454,0.0209220653067324
1746369785.921414,0.0209220653067324
1746369785.9384165,0.0209220653067324
1746369785.9554586,0.0209220653067324
1746369785.9723952,0.0209220653067324
1746369785.9891002,0.0209220653067324
1746369786.0058875,0.0209220653067324
1746369786.0228546,0.0209220653067324
1746369786.0399244,0.0209220653067324
1746369786.0565748,0.0209220653067324
1746369786.0736845,0.0209220653067324
1746369786.0906963,0.0209220653067324
1746369786.107658,0.0209220653067324
1746369786.124195,0.0209967869685421
1746369786.140721,0.0209967869685421
1746369786.157307,0.0209967869685421
1746369786.1739497,0.0209967869685421
1746369786.190591,0.0209967869685421
1746369786.207226,0.0209967869685421
1746369786.2238712,0.0209967869685421
1746369786.2408414,0.0209967869685421
1746369786.257794,0.0209967869685421
1746369786.2750187,0.0209967869685421
1746369786.29191,0.0209967869685421
1746369786.3088193,0.0209967869685421
1746369786.3253958,0.0209967869685421
1746369786.3419511,0.0209967869685421
1746369786.358692,0.0209967869685421
1746369786.37577,0.0209967869685421
1746369786.3924117,0.0210715086303519
1746369786.409107,0.0210715086303519
1746369786.426068,0.0210715086303519
1746369786.4433312,0.0210715086303519
1746369786.4602058,0.0210715086303519
1746369786.4772892,0.0210715086303519
1746369786.4942358,0.0210715086303519
1746369786.5114968,0.0210715086303519
1746369786.5283878,0.0210715086303519
1746369786.5452962,0.0210715086303519
1746369786.5620587,0.0210715086303519
1746369786.5788078,0.0210715086303519
1746369786.595564,0.0210715086303519
1746369786.6124082,0.0210715086303519
1746369786.6292567,0.0210715086303519
1746369786.646132,0.0210715086303519
1746369786.6628208,0.0211462302921616
1746369786.6796277,0.0211462302921616
1746369786.696437,0.0211462302921616
1746369786.71348,0.0211462302921616
1746369786.7305975,0.0211462302921616
1746369786.7473884,0.0211462302921616
1746369786.7644658,0.0211462302921616
1746369786.7815285,0.0211462302921616
1746369786.7983372,0.0211462302921616
1746369786.8151605,0.0211462302921616
1746369786.8318229,0.0211462302921616
1746369786.8487816,0.0211462302921616
1746369786.865632,0.0211462302921616
1746369786.8827229,0.0211462302921616
1746369786.8997772,0.0211462302921616
1746369786.9170887,0.0211462302921616
1746369786.93425,0.0212209519539714
1746369786.951143,0.0212209519539714
1746369786.968123,0.0212209519539714
1746369786.984986,0.0212209519539714
1746369787.001737,0.0212209519539714
1746369787.018494,0.0212209519539714
1746369787.0351646,0.0212209519539714
1746369787.051719,0.0212209519539714
1746369787.068273,0.0212209519539714
1746369787.0849,0.0212209519539714
1746369787.1014566,0.0212209519539714
1746369787.1181333,0.0212209519539714
1746369787.1348655,0.0212209519539714
1746369787.1513648,0.0212209519539714
1746369787.167915,0.0212209519539714
1746369787.184636,0.0212209519539714
1746369787.2013352,0.0212956736157812
1746369787.2178133,0.0212956736157812
1746369787.2347782,0.0212956736157812
1746369787.2517653,0.0212956736157812
1746369787.2685957,0.0212956736157812
1746369787.28507,0.0212956736157812
1746369787.3020194,0.0212956736157812
1746369787.319029,0.0212956736157812
1746369787.3362932,0.0212956736157812
1746369787.3528123,0.0212956736157812
1746369787.369865,0.0212956736157812
1746369787.3869593,0.0212956736157812
1746369787.404273,0.0212956736157812
1746369787.421225,0.0212956736157812
1746369787.4378405,0.0212956736157812
1746369787.4545376,0.0212956736157812
1746369787.4712477,0.0213703952775909
1746369787.4878569,0.0213703952775909
1746369787.5044537,0.0213703952775909
1746369787.5210822,0.0213703952775909
1746369787.5378373,0.0213703952775909
1746369787.5543413,0.0213703952775909
1746369787.5708294,0.0213703952775909
1746369787.587285,0.0213703952775909
1746369787.6038249,0.0213703952775909
1746369787.6203425,0.0213703952775909
1746369787.6368816,0.0213703952775909
1746369787.653363,0.0213703952775909
1746369787.6698744,0.0213703952775909
1746369787.6864636,0.0213703952775909
1746369787.7029722,0.0213703952775909
1746369787.719681,0.0213703952775909
1746369787.736657,0.0214451169394007
1746369787.7532587,0.0214451169394007
1746369787.7697933,0.0214451169394007
1746369787.786297,0.0214451169394007
1746369787.8028295,0.0214451169394007
1746369787.8194468,0.0214451169394007
1746369787.8360531,0.0214451169394007
1746369787.853134,0.0214451169394007
1746369787.869803,0.0214451169394007
1746369787.886424,0.0214451169394007
1746369787.903257,0.0214451169394007
1746369787.9202738,0.0214451169394007
1746369787.9368744,0.0214451169394007
1746369787.953692,0.0214451169394007
1746369787.970477,0.0214451169394007
1746369787.9873862,0.0214451169394007
1746369788.004254,0.0215198386012105
1746369788.0210896,0.0215198386012105
1746369788.0379274,0.0215198386012105
1746369788.0547376,0.0215198386012105
1746369788.071518,0.0215198386012105
1746369788.0882556,0.0215198386012105
1746369788.105326,0.0215198386012105
1746369788.122569,0.0215198386012105
1746369788.1391966,0.0215198386012105
1746369788.1565304,0.0215198386012105
1746369788.1732523,0.0215198386012105
1746369788.1903026,0.0215198386012105
1746369788.2072096,0.0215198386012105
1746369788.2238235,0.0215198386012105
1746369788.2405438,0.0215198386012105
1746369788.257073,0.0215198386012105
1746369788.2736547,0.0215945602630202
1746369788.2905178,0.0215945602630202
1746369788.3074062,0.0215945602630202
1746369788.3244994,0.0215945602630202
1746369788.341221,0.0215945602630202
1746369788.3583286,0.0215945602630202
1746369788.375145,0.0215945602630202
1746369788.3916008,0.0215945602630202
1746369788.408727,0.0215945602630202
1746369788.425783,0.0215945602630202
1746369788.4429069,0.0215945602630202
1746369788.4597998,0.0215945602630202
1746369788.4771116,0.0215945602630202
1746369788.493925,0.0215945602630202
1746369788.5110638,0.0215945602630202
1746369788.528278,0.0215945602630202
1746369788.5452623,0.0216692819248299
1746369788.5624154,0.0216692819248299
1746369788.5793934,0.0216692819248299
1746369788.596657,0.0216692819248299
1746369788.613443,0.0216692819248299
1746369788.6305437,0.0216692819248299
1746369788.647612,0.0216692819248299
1746369788.664552,0.0216692819248299
1746369788.6814067,0.0216692819248299
1746369788.6981492,0.0216692819248299
1746369788.7148066,0.0216692819248299
1746369788.7315743,0.0216692819248299
1746369788.7482991,0.0216692819248299
1746369788.7655203,0.0216692819248299
1746369788.7822871,0.0216692819248299
1746369788.7989156,0.0216692819248299
1746369788.8158052,0.0217440035866397
1746369788.8325355,0.0217440035866397
1746369788.8492098,0.0217440035866397
1746369788.8663225,0.0217440035866397
1746369788.8830922,0.0217440035866397
1746369788.900019,0.0217440035866397
1746369788.9168525,0.0217440035866397
1746369788.9334748,0.0217440035866397
1746369788.9503975,0.0217440035866397
1746369788.9672155,0.0217440035866397
1746369788.9842885,0.0217440035866397
1746369789.00115,0.0217440035866397
1746369789.018251,0.0217440035866397
1746369789.0350266,0.0217440035866397
1746369789.0520244,0.0217440035866397
1746369789.0690322,0.0217440035866397
1746369789.085853,0.0218187252484495
1746369789.1023965,0.0218187252484495
1746369789.1190412,0.0218187252484495
1746369789.1359477,0.0218187252484495
1746369789.152831,0.0218187252484495
1746369789.1698985,0.0218187252484495
1746369789.186551,0.0218187252484495
1746369789.2034297,0.0218187252484495
1746369789.2203214,0.0218187252484495
1746369789.2376614,0.0218187252484495
1746369789.2544398,0.0218187252484495
1746369789.2718563,0.0218187252484495
1746369789.2884068,0.0218187252484495
1746369789.3051076,0.0218187252484495
1746369789.3219044,0.0218187252484495
1746369789.338611,0.0218187252484495
1746369789.3554442,0.0218934469102592
1746369789.3724236,0.0218934469102592
1746369789.38967,0.0218934469102592
1746369789.4063916,0.0218934469102592
1746369789.4232547,0.0218934469102592
1746369789.4400926,0.0218934469102592
1746369789.4569871,0.0218934469102592
1746369789.4737935,0.0218934469102592
1746369789.4907992,0.0218934469102592
1746369789.5075634,0.0218934469102592
1746369789.5243423,0.0218934469102592
1746369789.541205,0.0218934469102592
1746369789.5581126,0.0218934469102592
1746369789.5751529,0.0218934469102592
1746369789.5921335,0.0218934469102592
1746369789.6089246,0.0218934469102592
1746369789.6258185,0.021968168572069
1746369789.642536,0.021968168572069
1746369789.659346,0.021968168572069
1746369789.676123,0.021968168572069
1746369789.692798,0.021968168572069
1746369789.7094965,0.021968168572069
1746369789.7262087,0.021968168572069
1746369789.743017,0.021968168572069
1746369789.7598958,0.021968168572069
1746369789.7767537,0.021968168572069
1746369789.793497,0.021968168572069
1746369789.8103733,0.021968168572069
1746369789.8274035,0.021968168572069
1746369789.8443625,0.021968168572069
1746369789.8615975,0.021968168572069
1746369789.8786662,0.021968168572069
1746369789.8955083,0.0220428902338788
1746369789.9126186,0.0220428902338788
1746369789.9297223,0.0220428902338788
1746369789.9467416,0.0220428902338788
1746369789.963384,0.0220428902338788
1746369789.9804366,0.0220428902338788
1746369789.997295,0.0220428902338788
1746369790.0141597,0.0220428902338788
1746369790.0310135,0.0220428902338788
1746369790.047915,0.0220428902338788
1746369790.064567,0.0220428902338788
1746369790.0812447,0.0220428902338788
1746369790.0979936,0.0220428902338788
1746369790.1145954,0.0220428902338788
1746369790.131191,0.0220428902338788
1746369790.1482356,0.0220428902338788
1746369790.1648252,0.0221176118956885
1746369790.1816175,0.0221176118956885
1746369790.1985357,0.0221176118956885
1746369790.215288,0.0221176118956885
1746369790.2320604,0.0221176118956885
1746369790.2487102,0.0221176118956885
1746369790.2653356,0.0221176118956885
1746369790.2819548,0.0221176118956885
1746369790.299024,0.0221176118956885
1746369790.3156984,0.0221176118956885
1746369790.3322756,0.0221176118956885
1746369790.3489034,0.0221176118956885
1746369790.3654904,0.0221176118956885
1746369790.382162,0.0221176118956885
1746369790.398789,0.0221176118956885
1746369790.4156072,0.0221176118956885
1746369790.4322183,0.0221923335574982
1746369790.4488924,0.0221923335574982
1746369790.4655306,0.0221923335574982
1746369790.4825027,0.0221923335574982
1746369790.4993646,0.0221923335574982
1746369790.5161512,0.0221923335574982
1746369790.5330718,0.0221923335574982
1746369790.5500417,0.0221923335574982
1746369790.5668092,0.0221923335574982
1746369790.58357,0.0221923335574982
1746369790.600531,0.0221923335574982
1746369790.6173415,0.0221923335574982
1746369790.634086,0.0221923335574982
1746369790.6509972,0.0221923335574982
1746369790.66772,0.0221923335574982
1746369790.6843832,0.0221923335574982
1746369790.7011962,0.022267055219308
1746369790.7179203,0.022267055219308
1746369790.7346797,0.022267055219308
1746369790.7513168,0.022267055219308
1746369790.7679503,0.022267055219308
1746369790.7846506,0.022267055219308
1746369790.8018634,0.022267055219308
1746369790.8184369,0.022267055219308
1746369790.834987,0.022267055219308
1746369790.8516998,0.022267055219308
1746369790.868535,0.022267055219308
1746369790.8852124,0.022267055219308
1746369790.9018388,0.022267055219308
1746369790.9185803,0.022267055219308
1746369790.93539,0.022267055219308
1746369790.9521232,0.022267055219308
1746369790.9688373,0.0223417768811178
1746369790.9856355,0.0223417768811178
1746369791.0024805,0.0223417768811178
1746369791.0194976,0.0223417768811178
1746369791.036109,0.0223417768811178
1746369791.0530758,0.0223417768811178
1746369791.0698073,0.0223417768811178
1746369791.086398,0.0223417768811178
1746369791.1032386,0.0223417768811178
1746369791.120065,0.0223417768811178
1746369791.1368043,0.0223417768811178
1746369791.1535015,0.0223417768811178
1746369791.1702707,0.0223417768811178
1746369791.1871834,0.0223417768811178
1746369791.2040062,0.0223417768811178
1746369791.2206109,0.0223417768811178
1746369791.237219,0.0224164985429276
1746369791.2539434,0.0224164985429276
1746369791.270507,0.0224164985429276
1746369791.2872927,0.0224164985429276
1746369791.304036,0.0224164985429276
1746369791.320822,0.0224164985429276
1746369791.337642,0.0224164985429276
1746369791.3546877,0.0224164985429276
1746369791.3716402,0.0224164985429276
1746369791.388458,0.0224164985429276
1746369791.4059403,0.0224164985429276
1746369791.4229264,0.0224164985429276
1746369791.4395294,0.0224164985429276
1746369791.456132,0.0224164985429276
1746369791.472717,0.0224164985429276
1746369791.4894135,0.0224164985429276
1746369791.506076,0.0224912202047373
1746369791.5227363,0.0224912202047373
1746369791.539362,0.0224912202047373
1746369791.5560794,0.0224912202047373
1746369791.5727136,0.0224912202047373
1746369791.5893886,0.0224912202047373
1746369791.6065376,0.0224912202047373
1746369791.623094,0.0224912202047373
1746369791.6396718,0.0224912202047373
1746369791.6565034,0.0224912202047373
1746369791.6730473,0.0224912202047373
1746369791.6895814,0.0224912202047373
1746369791.7061882,0.0224912202047373
1746369791.7228165,0.0224912202047373
1746369791.739467,0.0224912202047373
1746369791.756199,0.0224912202047373
1746369791.7727385,0.0225659418665471
1746369791.7896926,0.0225659418665471
1746369791.806628,0.0225659418665471
1746369791.8239532,0.0225659418665471
1746369791.8411508,0.0225659418665471
1746369791.8579686,0.0225659418665471
1746369791.8748596,0.0225659418665471
1746369791.891457,0.0225659418665471
1746369791.908295,0.0225659418665471
1746369791.9253426,0.0225659418665471
1746369791.9421854,0.0225659418665471
1746369791.9591646,0.0225659418665471
1746369791.9760811,0.0225659418665471
1746369791.9931223,0.0225659418665471
1746369792.010182,0.0225659418665471
1746369792.027115,0.0225659418665471
1746369792.0443966,0.0226406635283569
1746369792.0613909,0.0226406635283569
1746369792.0784297,0.0226406635283569
1746369792.095562,0.0226406635283569
1746369792.112653,0.0226406635283569
1746369792.1294484,0.0226406635283569
1746369792.146558,0.0226406635283569
1746369792.163411,0.0226406635283569
1746369792.1803591,0.0226406635283569
1746369792.1974046,0.0226406635283569
1746369792.2143571,0.0226406635283569
1746369792.2313502,0.0226406635283569
1746369792.2483587,0.0226406635283569
1746369792.2649803,0.0226406635283569
1746369792.2815597,0.0226406635283569
1746369792.2981567,0.0226406635283569
1746369792.3152373,0.0227153851901665
1746369792.3323448,0.0227153851901665
1746369792.3493955,0.0227153851901665
1746369792.3666842,0.0227153851901665
1746369792.3835294,0.0227153851901665
1746369792.4007416,0.0227153851901665
1746369792.4177876,0.0227153851901665
1746369792.4350088,0.0227153851901665
1746369792.4517963,0.0227153851901665
1746369792.4688454,0.0227153851901665
1746369792.4859884,0.0227153851901665
1746369792.5025856,0.0227153851901665
1746369792.5194857,0.0227153851901665
1746369792.5361533,0.0227153851901665
1746369792.553203,0.0227153851901665
1746369792.5697572,0.0227153851901665
1746369792.5871704,0.0227901068519763
1746369792.6040857,0.0227901068519763
1746369792.6212966,0.0227901068519763
1746369792.6383605,0.0227901068519763
1746369792.6551127,0.0227901068519763
1746369792.6723216,0.0227901068519763
1746369792.6893072,0.0227901068519763
1746369792.7060795,0.0227901068519763
1746369792.7231224,0.0227901068519763
1746369792.7401693,0.0227901068519763
1746369792.7571251,0.0227901068519763
1746369792.7742057,0.0227901068519763
1746369792.791505,0.0227901068519763
1746369792.808104,0.0227901068519763
1746369792.8247576,0.0227901068519763
1746369792.8416123,0.0227901068519763
1746369792.8585155,0.0228648285137861
1746369792.8756492,0.0228648285137861
1746369792.8925865,0.0228648285137861
1746369792.909666,0.0228648285137861
1746369792.9266803,0.0228648285137861
1746369792.943703,0.0228648285137861
1746369792.9605546,0.0228648285137861
1746369792.977656,0.0228648285137861
1746369792.9946296,0.0228648285137861
1746369793.011432,0.0228648285137861
1746369793.0283237,0.0228648285137861
1746369793.045541,0.0228648285137861
1746369793.0621874,0.0228648285137861
1746369793.0789883,0.0228648285137861
1746369793.095943,0.0228648285137861
1746369793.1127536,0.0228648285137861
1746369793.1298745,0.0229395501755959
1746369793.1469193,0.0229395501755959
1746369793.163909,0.0229395501755959
1746369793.1807122,0.0229395501755959
1746369793.1975417,0.0229395501755959
1746369793.2142673,0.0229395501755959
1746369793.230987,0.0229395501755959
1746369793.2480617,0.0229395501755959
1746369793.264716,0.0229395501755959
1746369793.281369,0.0229395501755959
1746369793.2980587,0.0229395501755959
1746369793.314906,0.0229395501755959
1746369793.3317266,0.0229395501755959
1746369793.3484776,0.0229395501755959
1746369793.3652682,0.0229395501755959
1746369793.3820047,0.0229395501755959
1746369793.3988578,0.0230142718374056
1746369793.4157166,0.0230142718374056
1746369793.4324913,0.0230142718374056
1746369793.4497595,0.0230142718374056
1746369793.4668422,0.0230142718374056
1746369793.48359,0.0230142718374056
1746369793.5006769,0.0230142718374056
1746369793.517466,0.0230142718374056
1746369793.534289,0.0230142718374056
1746369793.551137,0.0230142718374056
1746369793.5679448,0.0230142718374056
1746369793.5846438,0.0230142718374056
1746369793.6012695,0.0230142718374056
1746369793.6180189,0.0230142718374056
1746369793.6347792,0.0230142718374056
1746369793.651905,0.0230142718374056
1746369793.6686735,0.0230889934992154
1746369793.6853418,0.0230889934992154
1746369793.7021563,0.0230889934992154
1746369793.7188275,0.0230889934992154
1746369793.7356105,0.0230889934992154
1746369793.7523844,0.0230889934992154
1746369793.769119,0.0230889934992154
1746369793.7857752,0.0230889934992154
1746369793.8024404,0.0230889934992154
1746369793.8192258,0.0230889934992154
1746369793.8359623,0.0230889934992154
1746369793.852882,0.0230889934992154
1746369793.869795,0.0230889934992154
1746369793.8865304,0.0230889934992154
1746369793.9032335,0.0230889934992154
1746369793.919839,0.0230889934992154
1746369793.936573,0.0231637151610252
1746369793.953154,0.0231637151610252
1746369793.9696026,0.0231637151610252
1746369793.9864118,0.0231637151610252
1746369794.00306,0.0231637151610252
1746369794.0197194,0.0231637151610252
1746369794.0364456,0.0231637151610252
1746369794.053277,0.0231637151610252
1746369794.0699313,0.0231637151610252
1746369794.0867202,0.0231637151610252
1746369794.1033242,0.0231637151610252
1746369794.1199365,0.0231637151610252
1746369794.1366086,0.0231637151610252
1746369794.1533225,0.0231637151610252
1746369794.1698833,0.0231637151610252
1746369794.186658,0.0231637151610252
1746369794.2034006,0.0232384368228348
1746369794.2200322,0.0232384368228348
1746369794.2366612,0.0232384368228348
1746369794.2534385,0.0232384368228348
1746369794.270395,0.0232384368228348
1746369794.2870362,0.0232384368228348
1746369794.303686,0.0232384368228348
1746369794.3202362,0.0232384368228348
1746369794.3375344,0.0232384368228348
1746369794.3542,0.0232384368228348
1746369794.370806,0.0232384368228348
1746369794.3874984,0.0232384368228348
1746369794.4040475,0.0232384368228348
1746369794.4206512,0.0232384368228348
1746369794.4371984,0.0232384368228348
1746369794.4538152,0.0232384368228348
1746369794.4706752,0.0233131584846446
1746369794.4873796,0.0233131584846446
1746369794.5039735,0.0233131584846446
1746369794.5205443,0.0233131584846446
1746369794.5371091,0.0233131584846446
1746369794.55359,0.0233131584846446
1746369794.5700693,0.0233131584846446
1746369794.586542,0.0233131584846446
1746369794.603063,0.0233131584846446
1746369794.6196136,0.0233131584846446
1746369794.6362145,0.0233131584846446
1746369794.652975,0.0233131584846446
1746369794.6699903,0.0233131584846446
1746369794.6867185,0.0233131584846446
1746369794.7034352,0.0233131584846446
