timestamp,gpu_cache_usage_perc
1745680782.1757245,0.0010461032653366
1745680782.3381288,0.0104610326533661
1745680782.359493,0.0104610326533661
1745680782.3788772,0.0104610326533661
1745680782.3963883,0.0104610326533661
1745680782.4141138,0.0104610326533661
1745680782.4323,0.0104610326533661
1745680782.4498217,0.0104610326533661
1745680782.4675913,0.0104610326533661
1745680782.4853566,0.0104610326533661
1745680782.5031962,0.0104610326533661
1745680782.520898,0.0104610326533661
1745680782.53884,0.0104610326533661
1745680782.5568385,0.0104610326533661
1745680782.574644,0.0104610326533661
1745680782.592631,0.0104610326533661
1745680782.6102378,0.0105357543151759
1745680782.628045,0.0112082492714638
1745680782.6458502,0.0112082492714638
1745680782.663308,0.0112082492714638
1745680782.680795,0.0112082492714638
1745680782.6986046,0.0112082492714638
1745680782.7164605,0.0112082492714638
1745680782.7339082,0.0112082492714638
1745680782.7513006,0.0112082492714638
1745680782.7686682,0.0112082492714638
1745680782.7860403,0.0112082492714638
1745680782.8033917,0.0112082492714638
1745680782.8207498,0.0112082492714638
1745680782.838202,0.0112082492714638
1745680782.8556066,0.0112082492714638
1745680782.87301,0.0112082492714638
1745680782.8904085,0.0112829709332735
1745680782.9077773,0.0119554658895614
1745680782.925156,0.0119554658895614
1745680782.9426024,0.0119554658895614
1745680782.9599588,0.0119554658895614
1745680782.9775383,0.0119554658895614
1745680782.9949694,0.0119554658895614
1745680783.0123706,0.0119554658895614
1745680783.029794,0.0119554658895614
1745680783.04729,0.0119554658895614
1745680783.0646436,0.0119554658895614
1745680783.0820172,0.0119554658895614
1745680783.0993648,0.0119554658895614
1745680783.116751,0.0119554658895614
1745680783.1342494,0.0119554658895614
1745680783.1517525,0.0119554658895614
1745680783.1693082,0.0120301875513711
1745680783.187629,0.0127026825076589
1745680783.2052248,0.0127026825076589
1745680783.2238734,0.0127026825076589
1745680783.2420382,0.0127026825076589
1745680783.259558,0.0127026825076589
1745680783.277096,0.0127026825076589
1745680783.2946205,0.0127026825076589
1745680783.3121684,0.0127026825076589
1745680783.3296034,0.0127026825076589
1745680783.3471334,0.0127026825076589
1745680783.3650646,0.0127026825076589
1745680783.382564,0.0127026825076589
1745680783.4006858,0.0127026825076589
1745680783.418377,0.0127026825076589
1745680783.4358945,0.0127026825076589
1745680783.4536378,0.0127774041694687
1745680783.4712498,0.0134498991257565
1745680783.4893398,0.0134498991257565
1745680783.5068717,0.0134498991257565
1745680783.5243702,0.0134498991257565
1745680783.5423937,0.0134498991257565
1745680783.559939,0.0134498991257565
1745680783.5777829,0.0134498991257565
1745680783.5960803,0.0134498991257565
1745680783.6140978,0.0134498991257565
1745680783.631622,0.0134498991257565
1745680783.6497204,0.0134498991257565
1745680783.6674523,0.0134498991257565
1745680783.6856997,0.0134498991257565
1745680783.7037354,0.0134498991257565
1745680783.7216258,0.0134498991257565
1745680783.740442,0.0135246207875663
1745680783.7591076,0.0141971157438541
1745680783.7767143,0.0141971157438541
1745680783.794175,0.0141971157438541
1745680783.8118763,0.0141971157438541
1745680783.8294494,0.0141971157438541
1745680783.84841,0.0141971157438541
1745680783.86719,0.0141971157438541
1745680783.8861594,0.0141971157438541
1745680783.9051027,0.0141971157438541
1745680783.923786,0.0141971157438541
1745680783.9415505,0.0141971157438541
1745680783.9597564,0.0141971157438541
1745680783.9785173,0.0141971157438541
1745680783.997315,0.0141971157438541
1745680784.0154076,0.0141971157438541
1745680784.0335913,0.0142718374056639
1745680784.052454,0.0149443323619516
1745680784.071199,0.0149443323619516
1745680784.089276,0.0149443323619516
1745680784.1071632,0.0149443323619516
1745680784.1249008,0.0149443323619516
1745680784.1428533,0.0149443323619516
1745680784.1604507,0.0149443323619516
1745680784.1792796,0.0149443323619516
1745680784.198115,0.0149443323619516
1745680784.2170007,0.0149443323619516
1745680784.2359457,0.0149443323619516
1745680784.2546413,0.0149443323619516
1745680784.2730927,0.0149443323619516
1745680784.2915535,0.0149443323619516
1745680784.3101842,0.0149443323619516
1745680784.3289092,0.0150190540237614
1745680784.346901,0.0156915489800493
1745680784.364442,0.0156915489800493
1745680784.3833785,0.0156915489800493
1745680784.4022112,0.0156915489800493
1745680784.4201112,0.0156915489800493
1745680784.4390268,0.0156915489800493
1745680784.4579098,0.0156915489800493
1745680784.476447,0.0156915489800493
1745680784.494145,0.0156915489800493
1745680784.5125637,0.0156915489800493
1745680784.5313766,0.0156915489800493
1745680784.5503168,0.0156915489800493
1745680784.569156,0.0156915489800493
1745680784.5879884,0.0156915489800493
1745680784.6068287,0.0156915489800493
1745680784.625903,0.015766270641859
1745680784.6444948,0.0164387655981469
1745680784.6632278,0.0164387655981469
1745680784.6823304,0.0164387655981469
1745680784.7010324,0.0164387655981469
1745680784.719684,0.0164387655981469
1745680784.7383895,0.0164387655981469
1745680784.757275,0.0164387655981469
1745680784.7761507,0.0164387655981469
1745680784.795136,0.0164387655981469
1745680784.814167,0.0164387655981469
1745680784.8333173,0.0164387655981469
1745680784.851066,0.0164387655981469
1745680784.8700056,0.0164387655981469
1745680784.889025,0.0164387655981469
1745680784.9081788,0.0164387655981469
1745680784.926785,0.0165134872599567
1745680784.9444103,0.0171859822162444
1745680784.963277,0.0171859822162444
1745680784.9823968,0.0171859822162444
1745680785.000049,0.0171859822162444
1745680785.0176702,0.0171859822162444
1745680785.035227,0.0171859822162444
1745680785.052795,0.0171859822162444
1745680785.0717473,0.0171859822162444
1745680785.0907648,0.0171859822162444
1745680785.1094704,0.0171859822162444
1745680785.1283915,0.0171859822162444
1745680785.1472456,0.0171859822162444
1745680785.1661878,0.0171859822162444
1745680785.18468,0.0171859822162444
1745680785.2040217,0.0171859822162444
1745680785.2224004,0.0172607038780542
1745680785.241259,0.017933198834342
1745680785.2602658,0.017933198834342
1745680785.2789197,0.017933198834342
1745680785.2979867,0.017933198834342
1745680785.3160994,0.017933198834342
1745680785.3337712,0.017933198834342
1745680785.3517444,0.017933198834342
1745680785.369517,0.017933198834342
1745680785.3873625,0.017933198834342
1745680785.4063606,0.017933198834342
1745680785.425423,0.017933198834342
1745680785.4446275,0.017933198834342
1745680785.462371,0.017933198834342
1745680785.4810317,0.017933198834342
1745680785.499817,0.017933198834342
1745680785.5188017,0.0180079204961518
1745680785.5380225,0.0186804154524397
1745680785.5571053,0.0186804154524397
1745680785.5750296,0.0186804154524397
1745680785.5927677,0.0186804154524397
1745680785.6104608,0.0186804154524397
1745680785.629129,0.0186804154524397
1745680785.6480625,0.0186804154524397
1745680785.6666734,0.0186804154524397
1745680785.6854937,0.0186804154524397
1745680785.704182,0.0186804154524397
1745680785.7230272,0.0186804154524397
1745680785.7419298,0.0186804154524397
1745680785.760629,0.0186804154524397
1745680785.7796686,0.0186804154524397
1745680785.7987292,0.0186804154524397
1745680785.8177848,0.0187551371142494
1745680785.8369153,0.0194276320705372
1745680785.8559985,0.0194276320705372
1745680785.874367,0.0194276320705372
1745680785.893147,0.0194276320705372
1745680785.9127266,0.0194276320705372
1745680785.9316251,0.0194276320705372
1745680785.950572,0.0194276320705372
1745680785.969218,0.0194276320705372
1745680785.9879,0.0194276320705372
1745680786.0069933,0.0194276320705372
1745680786.026187,0.0194276320705372
1745680786.045287,0.0194276320705372
1745680786.0644855,0.0194276320705372
1745680786.083606,0.0194276320705372
1745680786.101647,0.0194276320705372
1745680786.1194916,0.0195023537323469
1745680786.1379387,0.0201748486886348
1745680786.1571004,0.0201748486886348
1745680786.1758535,0.0201748486886348
1745680786.1937306,0.0201748486886348
1745680786.2114534,0.0201748486886348
1745680786.22933,0.0201748486886348
1745680786.2471848,0.0201748486886348
1745680786.264855,0.0201748486886348
1745680786.2824907,0.0201748486886348
1745680786.300135,0.0201748486886348
1745680786.3177538,0.0201748486886348
1745680786.3354046,0.0201748486886348
1745680786.353099,0.0201748486886348
1745680786.3707526,0.0201748486886348
1745680786.3884375,0.0201748486886348
1745680786.4060564,0.0202495703504446
1745680786.4237647,0.0209220653067324
1745680786.4413588,0.0209220653067324
1745680786.4590514,0.0209220653067324
1745680786.476695,0.0209220653067324
1745680786.4943404,0.0209220653067324
1745680786.5119507,0.0209220653067324
1745680786.5295644,0.0209220653067324
1745680786.5471706,0.0209220653067324
1745680786.564813,0.0209220653067324
1745680786.5824184,0.0209220653067324
1745680786.6000853,0.0209220653067324
1745680786.6177669,0.0209220653067324
1745680786.6354003,0.0209220653067324
1745680786.653043,0.0209220653067324
1745680786.6706924,0.0209220653067324
1745680786.6883175,0.0209967869685421
1745680786.7059584,0.0216692819248299
1745680786.723514,0.0216692819248299
1745680786.741108,0.0216692819248299
1745680786.7587447,0.0216692819248299
1745680786.77633,0.0216692819248299
1745680786.7939582,0.0216692819248299
1745680786.811541,0.0216692819248299
1745680786.8292055,0.0216692819248299
1745680786.8468444,0.0216692819248299
1745680786.8644662,0.0216692819248299
1745680786.88209,0.0216692819248299
1745680786.8996902,0.0216692819248299
1745680786.9172957,0.0216692819248299
1745680786.934939,0.0216692819248299
1745680786.952567,0.0216692819248299
1745680786.9701624,0.0217440035866397
1745680786.9884455,0.0224164985429276
1745680787.0065107,0.0224164985429276
1745680787.0246732,0.0224164985429276
1745680787.0424175,0.0224164985429276
1745680787.0603635,0.0224164985429276
1745680787.0784483,0.0224164985429276
1745680787.0961978,0.0224164985429276
1745680787.1143572,0.0224164985429276
1745680787.132479,0.0224164985429276
1745680787.1507075,0.0224164985429276
1745680787.1688857,0.0224164985429276
1745680787.186944,0.0224164985429276
1745680787.2049608,0.0224164985429276
1745680787.2226918,0.0224164985429276
1745680787.2406957,0.0224164985429276
1745680787.2588336,0.0224912202047373
1745680787.2769787,0.0231637151610252
1745680787.294744,0.0231637151610252
1745680787.3125846,0.0231637151610252
1745680787.3303418,0.0231637151610252
1745680787.3483782,0.0231637151610252
1745680787.3669548,0.0231637151610252
1745680787.3848083,0.0231637151610252
1745680787.4027903,0.0231637151610252
1745680787.4208822,0.0231637151610252
1745680787.4387708,0.0231637151610252
1745680787.456962,0.0231637151610252
1745680787.4749074,0.0231637151610252
1745680787.4930391,0.0231637151610252
1745680787.511028,0.0231637151610252
1745680787.528882,0.0231637151610252
1745680787.5466506,0.0232384368228348
1745680787.5653286,0.0239109317791227
1745680787.5834591,0.0239109317791227
1745680787.6015356,0.0239109317791227
1745680787.6193843,0.0239109317791227
1745680787.6372502,0.0239109317791227
1745680787.655284,0.0239109317791227
1745680787.6732795,0.0239109317791227
1745680787.6914997,0.0239109317791227
1745680787.7095025,0.0239109317791227
1745680787.7274346,0.0239109317791227
1745680787.7454896,0.0239109317791227
1745680787.7636082,0.0239109317791227
1745680787.7816386,0.0239109317791227
1745680787.799402,0.0239109317791227
1745680787.8176968,0.0239109317791227
1745680787.8354416,0.0239856534409325
1745680787.853299,0.0246581483972203
1745680787.870991,0.0246581483972203
1745680787.888752,0.0246581483972203
1745680787.906474,0.0246581483972203
1745680787.9242356,0.0246581483972203
1745680787.9419696,0.0246581483972203
1745680787.9597833,0.0246581483972203
1745680787.978053,0.0246581483972203
1745680787.9958377,0.0246581483972203
1745680788.0139828,0.0246581483972203
1745680788.0321994,0.0246581483972203
1745680788.050028,0.0246581483972203
1745680788.068224,0.0246581483972203
1745680788.0865214,0.0246581483972203
1745680788.1042633,0.0246581483972203
1745680788.122055,0.0247328700590301
1745680788.140307,0.0254053650153179
1745680788.158121,0.0254053650153179
1745680788.1762364,0.0254053650153179
1745680788.1945744,0.0254053650153179
1745680788.2125096,0.0254053650153179
1745680788.230681,0.0254053650153179
1745680788.2487788,0.0254053650153179
1745680788.266894,0.0254053650153179
1745680788.2846837,0.0254053650153179
1745680788.302451,0.0254053650153179
1745680788.3206136,0.0254053650153179
1745680788.3385303,0.0254053650153179
1745680788.3568025,0.0254053650153179
1745680788.374552,0.0254053650153179
1745680788.3928318,0.0254053650153179
1745680788.410848,0.0254800866771276
1745680788.429188,0.0261525816334154
1745680788.4469965,0.0261525816334154
1745680788.4648688,0.0261525816334154
1745680788.4831104,0.0261525816334154
1745680788.500913,0.0261525816334154
1745680788.5189326,0.0261525816334154
1745680788.5372467,0.0261525816334154
1745680788.555364,0.0261525816334154
1745680788.5734377,0.0261525816334154
1745680788.5916405,0.0261525816334154
1745680788.6095955,0.0261525816334154
1745680788.6273756,0.0261525816334154
1745680788.645629,0.0261525816334154
1745680788.663371,0.0261525816334154
1745680788.6815376,0.0261525816334154
1745680788.6996088,0.0262273032952252
1745680788.717594,0.0268997982515131
1745680788.7357695,0.0268997982515131
1745680788.7538366,0.0268997982515131
1745680788.7720125,0.0268997982515131
1745680788.7899249,0.0268997982515131
1745680788.808209,0.0268997982515131
1745680788.8269198,0.0268997982515131
1745680788.8449876,0.0268997982515131
1745680788.8631034,0.0268997982515131
1745680788.880908,0.0268997982515131
1745680788.8990395,0.0268997982515131
1745680788.917198,0.0268997982515131
1745680788.935238,0.0268997982515131
1745680788.9538126,0.0268997982515131
1745680788.9719248,0.0268997982515131
1745680788.9899218,0.0269745199133228
1745680789.0078557,0.0276470148696107
1745680789.0262764,0.0276470148696107
1745680789.0443733,0.0276470148696107
1745680789.0622032,0.0276470148696107
1745680789.0799654,0.0276470148696107
1745680789.0982103,0.0276470148696107
1745680789.1162727,0.0276470148696107
1745680789.1341574,0.0276470148696107
1745680789.1519897,0.0276470148696107
1745680789.1703546,0.0276470148696107
1745680789.1883144,0.0276470148696107
1745680789.206075,0.0276470148696107
1745680789.2245204,0.0276470148696107
1745680789.2423053,0.0276470148696107
1745680789.2606118,0.0276470148696107
1745680789.2787836,0.0277217365314204
1745680789.296729,0.0283942314877082
1745680789.314582,0.0283942314877082
1745680789.3325083,0.0283942314877082
1745680789.3503652,0.0283942314877082
1745680789.3683703,0.0283942314877082
1745680789.3862529,0.0283942314877082
1745680789.404075,0.0283942314877082
1745680789.4219532,0.0283942314877082
1745680789.4398873,0.0283942314877082
1745680789.4576917,0.0283942314877082
1745680789.4755392,0.0283942314877082
1745680789.4934435,0.0283942314877082
1745680789.511277,0.0283942314877082
1745680789.5291345,0.0283942314877082
1745680789.5469794,0.0283942314877082
1745680789.5649357,0.028468953149518
1745680789.5829234,0.0291414481058058
1745680789.6008732,0.0291414481058058
1745680789.618696,0.0291414481058058
1745680789.6365163,0.0291414481058058
1745680789.654338,0.0291414481058058
1745680789.672103,0.0291414481058058
1745680789.6899114,0.0291414481058058
1745680789.7077172,0.0291414481058058
1745680789.7255816,0.0291414481058058
1745680789.7434485,0.0291414481058058
1745680789.7613122,0.0291414481058058
1745680789.7791638,0.0291414481058058
1745680789.7971082,0.0291414481058058
1745680789.8149216,0.0291414481058058
1745680789.8328006,0.0291414481058058
1745680789.8511162,0.0292161697676156
1745680789.8690355,0.0298886647239035
1745680789.8868914,0.0298886647239035
1745680789.9046466,0.0298886647239035
1745680789.9228747,0.0298886647239035
1745680789.9407809,0.0298886647239035
1745680789.95862,0.0298886647239035
1745680789.976462,0.0298886647239035
1745680789.9943671,0.0298886647239035
1745680790.0123758,0.0298886647239035
1745680790.0306797,0.0298886647239035
1745680790.0491052,0.0298886647239035
1745680790.067348,0.0298886647239035
1745680790.0855503,0.0298886647239035
1745680790.1035614,0.0298886647239035
1745680790.1214726,0.0298886647239035
1745680790.1394155,0.0299633863857131
1745680790.1577942,0.030635881342001
1745680790.1757004,0.030635881342001
1745680790.193492,0.030635881342001
1745680790.2115352,0.030635881342001
1745680790.2296996,0.030635881342001
1745680790.247493,0.030635881342001
1745680790.265638,0.030635881342001
1745680790.2838607,0.030635881342001
1745680790.301758,0.030635881342001
1745680790.3201134,0.030635881342001
1745680790.3379805,0.030635881342001
1745680790.356078,0.030635881342001
1745680790.374203,0.030635881342001
1745680790.392237,0.030635881342001
1745680790.4102476,0.030635881342001
1745680790.4280748,0.0307106030038107
1745680790.4461758,0.0313830979600986
1745680790.4643295,0.0313830979600986
1745680790.4830236,0.0313830979600986
1745680790.501411,0.0313830979600986
1745680790.5198815,0.0313830979600986
1745680790.5379891,0.0313830979600986
1745680790.5562167,0.0313830979600986
1745680790.5745668,0.0313830979600986
1745680790.592525,0.0313830979600986
1745680790.610704,0.0313830979600986
1745680790.6291606,0.0313830979600986
1745680790.647326,0.0313830979600986
1745680790.6655946,0.0313830979600986
1745680790.683472,0.0313830979600986
1745680790.701342,0.0313830979600986
1745680790.7192347,0.0314578196219084
1745680790.7371695,0.0321303145781962
1745680790.7554984,0.0321303145781962
1745680790.77384,0.0321303145781962
1745680790.7920969,0.0321303145781962
1745680790.8105772,0.0321303145781962
1745680790.8287203,0.0321303145781962
1745680790.8468957,0.0321303145781962
1745680790.864893,0.0321303145781962
1745680790.8829117,0.0321303145781962
1745680790.9007664,0.0321303145781962
1745680790.9186964,0.0321303145781962
1745680790.9366,0.0321303145781962
1745680790.954515,0.0321303145781962
1745680790.9723752,0.0321303145781962
1745680790.9902992,0.0321303145781962
1745680791.008309,0.0322050362400059
1745680791.0262575,0.0328775311962937
1745680791.0441716,0.0328775311962937
1745680791.0621269,0.0328775311962937
1745680791.0800252,0.0328775311962937
1745680791.0979376,0.0328775311962937
1745680791.1163125,0.0328775311962937
1745680791.134255,0.0328775311962937
1745680791.15252,0.0328775311962937
1745680791.1704638,0.0328775311962937
1745680791.1883478,0.0328775311962937
1745680791.2066343,0.0328775311962937
1745680791.2245274,0.0328775311962937
1745680791.242628,0.0328775311962937
1745680791.260768,0.0328775311962937
1745680791.2786915,0.0328775311962937
1745680791.296554,0.0329522528581035
1745680791.31457,0.0336247478143914
1745680791.332431,0.0336247478143914
1745680791.3506324,0.0336247478143914
1745680791.3688731,0.0336247478143914
1745680791.3870373,0.0336247478143914
1745680791.4051142,0.0336247478143914
1745680791.422991,0.0336247478143914
1745680791.440956,0.0336247478143914
1745680791.4591055,0.0336247478143914
1745680791.4770231,0.0336247478143914
1745680791.49522,0.0336247478143914
1745680791.5130954,0.0336247478143914
1745680791.5309513,0.0336247478143914
1745680791.549056,0.0336247478143914
1745680791.5671213,0.0235373234700739
1745680791.584988,0.0235373234700739
1745680791.6024332,0.0240603751027422
1745680791.619586,0.0240603751027422
1745680791.6372428,0.0240603751027422
1745680791.654434,0.0240603751027422
1745680791.6719122,0.0240603751027422
1745680791.6890078,0.0240603751027422
1745680791.7065265,0.0240603751027422
1745680791.7243974,0.0240603751027422
1745680791.741608,0.0240603751027422
1745680791.758844,0.0240603751027422
1745680791.776327,0.0240603751027422
1745680791.7937129,0.0240603751027422
1745680791.811386,0.0240603751027422
1745680791.828964,0.0240603751027422
1745680791.8468103,0.0240603751027422
1745680791.8647764,0.0240603751027422
1745680791.882467,0.0245834267354105
1745680791.900177,0.0245834267354105
1745680791.917646,0.0245834267354105
1745680791.93482,0.0245834267354105
1745680791.9520223,0.0245834267354105
1745680791.9691744,0.0245834267354105
1745680791.9863226,0.0245834267354105
1745680792.0035796,0.0245834267354105
1745680792.0207832,0.0245834267354105
1745680792.0379195,0.0245834267354105
1745680792.0551443,0.0245834267354105
1745680792.0723512,0.0245834267354105
1745680792.0896018,0.0245834267354105
1745680792.1071353,0.0245834267354105
1745680792.124358,0.0245834267354105
1745680792.142213,0.0245834267354105
1745680792.1594172,0.0251064783680788
1745680792.1766546,0.0251064783680788
1745680792.194285,0.0251064783680788
1745680792.211488,0.0251064783680788
1745680792.2292092,0.0251064783680788
1745680792.2464333,0.0251064783680788
1745680792.2636492,0.0251064783680788
1745680792.28168,0.0251064783680788
1745680792.2993116,0.0251064783680788
1745680792.3165329,0.0251064783680788
1745680792.3340158,0.0251064783680788
1745680792.3516085,0.0251064783680788
1745680792.368888,0.0251064783680788
1745680792.386646,0.0251064783680788
1745680792.403905,0.0251064783680788
1745680792.421742,0.0251064783680788
1745680792.4398131,0.0256295300007471
1745680792.4571116,0.0256295300007471
1745680792.4745166,0.0256295300007471
1745680792.491771,0.0256295300007471
1745680792.50905,0.0256295300007471
1745680792.5267878,0.0256295300007471
1745680792.544798,0.0256295300007471
1745680792.5622935,0.0256295300007471
1745680792.5800374,0.0256295300007471
1745680792.597262,0.0256295300007471
1745680792.6150246,0.0256295300007471
1745680792.6331518,0.0256295300007471
1745680792.6506658,0.0256295300007471
1745680792.6685138,0.0256295300007471
1745680792.686031,0.0256295300007471
1745680792.7035606,0.0256295300007471
1745680792.7212856,0.0261525816334154
1745680792.7388172,0.0261525816334154
1745680792.7564971,0.0261525816334154
1745680792.7738302,0.0261525816334154
1745680792.7910738,0.0261525816334154
1745680792.808469,0.0261525816334154
1745680792.8260422,0.0261525816334154
1745680792.843395,0.0261525816334154
1745680792.8607075,0.0261525816334154
1745680792.8784337,0.0261525816334154
1745680792.8960614,0.0261525816334154
1745680792.913337,0.0261525816334154
1745680792.931151,0.0261525816334154
1745680792.9488738,0.0261525816334154
1745680792.9666195,0.0261525816334154
1745680792.9839864,0.0261525816334154
1745680793.0012774,0.0266756332660837
1745680793.0189784,0.0266756332660837
1745680793.0362556,0.0266756332660837
1745680793.0538096,0.0266756332660837
1745680793.0714314,0.0266756332660837
1745680793.0890994,0.0266756332660837
1745680793.1064477,0.0266756332660837
1745680793.1237805,0.0266756332660837
1745680793.141132,0.0266756332660837
1745680793.1592336,0.0266756332660837
1745680793.1765487,0.0266756332660837
1745680793.1943877,0.0266756332660837
1745680793.21217,0.0266756332660837
1745680793.2294648,0.0266756332660837
1745680793.247028,0.0266756332660837
1745680793.2648497,0.0266756332660837
1745680793.282243,0.0271986848987521
1745680793.299579,0.0271986848987521
1745680793.316893,0.0271986848987521
1745680793.3345788,0.0271986848987521
1745680793.351977,0.0271986848987521
1745680793.3696911,0.0271986848987521
1745680793.387469,0.0271986848987521
1745680793.4049969,0.0271986848987521
1745680793.422563,0.0271986848987521
1745680793.4398456,0.0271986848987521
1745680793.4571762,0.0271986848987521
1745680793.4744678,0.0271986848987521
1745680793.4921284,0.0271986848987521
1745680793.5097668,0.0271986848987521
1745680793.5270655,0.0271986848987521
1745680793.544763,0.0271986848987521
1745680793.5627444,0.0277217365314204
1745680793.5803008,0.0277217365314204
1745680793.5982113,0.0277217365314204
1745680793.6160955,0.0277217365314204
1745680793.633926,0.0277217365314204
1745680793.6519592,0.0277217365314204
1745680793.6693892,0.0277217365314204
1745680793.6872191,0.0277217365314204
1745680793.7047632,0.0277217365314204
1745680793.7226295,0.0277217365314204
1745680793.740001,0.0277217365314204
1745680793.7576208,0.0277217365314204
1745680793.7753265,0.0277217365314204
1745680793.7928903,0.0277217365314204
1745680793.8104565,0.0277217365314204
1745680793.828262,0.0277217365314204
1745680793.845895,0.0282447881640888
1745680793.863257,0.0282447881640888
1745680793.880824,0.0282447881640888
1745680793.898635,0.0282447881640888
1745680793.916438,0.0282447881640888
1745680793.933864,0.0282447881640888
1745680793.9516218,0.0282447881640888
1745680793.9695668,0.0282447881640888
1745680793.9871364,0.0282447881640888
1745680794.004977,0.0282447881640888
1745680794.0226877,0.0282447881640888
1745680794.040116,0.0282447881640888
1745680794.0590389,0.0282447881640888
1745680794.0769126,0.0282447881640888
1745680794.0942757,0.0282447881640888
1745680794.1118762,0.0282447881640888
1745680794.129527,0.0287678397967571
1745680794.1472886,0.0287678397967571
1745680794.165213,0.0287678397967571
1745680794.1832044,0.0287678397967571
1745680794.2010124,0.0287678397967571
1745680794.218769,0.0287678397967571
1745680794.2362523,0.0287678397967571
1745680794.2540598,0.0287678397967571
1745680794.2716825,0.0287678397967571
1745680794.2894084,0.0287678397967571
1745680794.307292,0.0287678397967571
1745680794.3249476,0.0287678397967571
1745680794.342674,0.0287678397967571
1745680794.3606143,0.0287678397967571
1745680794.3781328,0.0287678397967571
1745680794.395566,0.0287678397967571
1745680794.4129913,0.0292908914294254
1745680794.4303622,0.0292908914294254
1745680794.4479692,0.0292908914294254
1745680794.465636,0.0292908914294254
1745680794.4837654,0.0292908914294254
1745680794.5018623,0.0292908914294254
1745680794.519934,0.0292908914294254
1745680794.5376167,0.0292908914294254
1745680794.5556574,0.0292908914294254
1745680794.5732405,0.0292908914294254
1745680794.590779,0.0292908914294254
1745680794.6086612,0.0292908914294254
1745680794.6265287,0.0292908914294254
1745680794.6441944,0.0292908914294254
1745680794.6616526,0.0292908914294254
1745680794.6790264,0.0292908914294254
1745680794.6965704,0.0255548083389374
1745680794.713907,0.0255548083389374
1745680794.7311034,0.0255548083389374
1745680794.7488244,0.0255548083389374
1745680794.7663994,0.0255548083389374
1745680794.7837212,0.0255548083389374
1745680794.801074,0.0255548083389374
1745680794.8188753,0.0255548083389374
1745680794.836414,0.0255548083389374
1745680794.8540263,0.0255548083389374
1745680794.8716,0.0255548083389374
1745680794.8896582,0.0255548083389374
1745680794.907395,0.0255548083389374
1745680794.9249687,0.0255548083389374
1745680794.94289,0.0255548083389374
1745680794.9607575,0.0255548083389374
1745680794.978586,0.026003138309796
1745680794.9958887,0.026003138309796
1745680795.0133483,0.026003138309796
1745680795.037331,0.026003138309796
1745680795.0549753,0.026003138309796
1745680795.072785,0.026003138309796
1745680795.0901058,0.026003138309796
1745680795.1079574,0.026003138309796
1745680795.1255114,0.026003138309796
1745680795.1431296,0.026003138309796
1745680795.16106,0.026003138309796
1745680795.1791046,0.026003138309796
1745680795.1965716,0.026003138309796
1745680795.2138596,0.026003138309796
1745680795.231314,0.026003138309796
1745680795.248558,0.026003138309796
1745680795.266203,0.0264514682806545
1745680795.2835217,0.0264514682806545
1745680795.3014495,0.0264514682806545
1745680795.3193254,0.0264514682806545
1745680795.336835,0.0264514682806545
1745680795.354689,0.0264514682806545
1745680795.3719802,0.0264514682806545
1745680795.389661,0.0264514682806545
1745680795.4075575,0.0264514682806545
1745680795.4249308,0.0264514682806545
1745680795.44238,0.0264514682806545
1745680795.4600284,0.0264514682806545
1745680795.4772823,0.0264514682806545
1745680795.4945393,0.0264514682806545
1745680795.511772,0.0264514682806545
1745680795.5290089,0.0264514682806545
1745680795.546248,0.0268997982515131
1745680795.5635197,0.0268997982515131
1745680795.580755,0.0268997982515131
1745680795.597967,0.0224164985429276
1745680795.6150846,0.0224164985429276
1745680795.6324947,0.0224164985429276
1745680795.6496377,0.0224164985429276
1745680795.6667025,0.0224164985429276
1745680795.6837835,0.0224164985429276
1745680795.7010248,0.0224164985429276
1745680795.7182822,0.0224164985429276
1745680795.7355154,0.0224164985429276
1745680795.7527764,0.0224164985429276
1745680795.7699664,0.0224164985429276
1745680795.7872198,0.0224164985429276
1745680795.8043823,0.0224164985429276
1745680795.821546,0.0227901068519763
1745680795.838666,0.0227901068519763
1745680795.85572,0.0227901068519763
1745680795.872739,0.0227901068519763
1745680795.889845,0.0227901068519763
1745680795.907559,0.0227901068519763
1745680795.9247816,0.0227901068519763
1745680795.942031,0.0227901068519763
1745680795.9593658,0.0227901068519763
1745680795.976803,0.0227901068519763
1745680795.9944713,0.0227901068519763
1745680796.0120578,0.0227901068519763
1745680796.0296974,0.0227901068519763
1745680796.0471745,0.0227901068519763
1745680796.0647786,0.0227901068519763
1745680796.082306,0.0227901068519763
1745680796.0999465,0.0231637151610252
1745680796.117276,0.0231637151610252
1745680796.134775,0.0231637151610252
1745680796.1524994,0.0231637151610252
1745680796.169671,0.0231637151610252
1745680796.1873977,0.0231637151610252
1745680796.2049932,0.0231637151610252
1745680796.2222078,0.0231637151610252
1745680796.2400038,0.0231637151610252
1745680796.2577925,0.0231637151610252
1745680796.2753334,0.0231637151610252
1745680796.293087,0.0231637151610252
1745680796.310463,0.0231637151610252
1745680796.3281534,0.0231637151610252
1745680796.3458774,0.0231637151610252
1745680796.363428,0.0231637151610252
1745680796.3807824,0.0235373234700739
1745680796.3983705,0.0235373234700739
1745680796.4163134,0.0235373234700739
1745680796.4338002,0.0235373234700739
1745680796.4510057,0.0235373234700739
1745680796.4682322,0.0235373234700739
1745680796.485456,0.0235373234700739
1745680796.5026104,0.0235373234700739
1745680796.5199091,0.0235373234700739
1745680796.5373392,0.0235373234700739
1745680796.5549097,0.0235373234700739
1745680796.572327,0.0235373234700739
1745680796.5896418,0.0235373234700739
1745680796.6071668,0.0235373234700739
1745680796.6247368,0.0235373234700739
1745680796.642241,0.0235373234700739
1745680796.6597743,0.0239109317791227
1745680796.677012,0.0239109317791227
1745680796.6947007,0.0239109317791227
1745680796.7121985,0.0239109317791227
1745680796.7298934,0.0239109317791227
1745680796.747371,0.0239109317791227
1745680796.764993,0.0239109317791227
1745680796.7825894,0.0239109317791227
1745680796.7999098,0.0239109317791227
1745680796.8171077,0.0239109317791227
1745680796.835156,0.0239109317791227
1745680796.8526864,0.0239109317791227
1745680796.8704596,0.0239109317791227
1745680796.887778,0.0239109317791227
1745680796.9054115,0.0239109317791227
1745680796.9228194,0.0239109317791227
1745680796.9404144,0.0242845400881716
1745680796.958024,0.0242845400881716
1745680796.9755638,0.0242845400881716
1745680796.992821,0.0242845400881716
1745680797.010117,0.0242845400881716
1745680797.0275168,0.0242845400881716
1745680797.0450528,0.0242845400881716
1745680797.0627072,0.0242845400881716
1745680797.0802643,0.0242845400881716
1745680797.0977445,0.0242845400881716
1745680797.11499,0.0242845400881716
1745680797.132282,0.0242845400881716
1745680797.149713,0.0242845400881716
1745680797.1673334,0.0242845400881716
1745680797.1845682,0.0242845400881716
1745680797.2021952,0.0242845400881716
1745680797.2197948,0.0246581483972203
1745680797.2374735,0.0246581483972203
1745680797.2551825,0.0246581483972203
1745680797.2727149,0.0246581483972203
1745680797.2903738,0.0246581483972203
1745680797.3081,0.0246581483972203
1745680797.3253462,0.0246581483972203
1745680797.3428006,0.0246581483972203
1745680797.3605309,0.0246581483972203
1745680797.3782632,0.0246581483972203
1745680797.3955407,0.0246581483972203
1745680797.4133804,0.0246581483972203
1745680797.4309046,0.0246581483972203
1745680797.4486609,0.0246581483972203
1745680797.4665658,0.0246581483972203
1745680797.4844017,0.0246581483972203
1745680797.5019495,0.0250317567062691
1745680797.5195727,0.0250317567062691
1745680797.537047,0.0250317567062691
1745680797.5542717,0.0250317567062691
1745680797.5716455,0.0250317567062691
1745680797.5892892,0.0250317567062691
1745680797.606665,0.0250317567062691
1745680797.6243448,0.0250317567062691
1745680797.6420617,0.0250317567062691
1745680797.659965,0.0250317567062691
1745680797.6775188,0.0250317567062691
1745680797.6950665,0.0250317567062691
1745680797.7130642,0.0250317567062691
1745680797.7308772,0.0250317567062691
1745680797.7480693,0.0250317567062691
1745680797.7652917,0.0250317567062691
1745680797.782662,0.0254053650153179
1745680797.7999012,0.0254053650153179
1745680797.8171096,0.0254053650153179
1745680797.834872,0.0254053650153179
1745680797.8524933,0.0254053650153179
1745680797.8700676,0.0254053650153179
1745680797.8876705,0.0254053650153179
1745680797.9053073,0.0254053650153179
1745680797.9229913,0.0254053650153179
1745680797.9404416,0.0254053650153179
1745680797.9577694,0.0254053650153179
1745680797.975021,0.0254053650153179
1745680797.9926648,0.0254053650153179
1745680798.009971,0.0254053650153179
1745680798.0275414,0.0254053650153179
1745680798.044839,0.0254053650153179
1745680798.0628622,0.0257789733243667
1745680798.080074,0.0257789733243667
1745680798.0976574,0.0257789733243667
1745680798.1151552,0.0257789733243667
1745680798.132975,0.0257789733243667
1745680798.150714,0.0257789733243667
1745680798.1682546,0.0257789733243667
1745680798.1860003,0.0257789733243667
1745680798.2032888,0.0257789733243667
1745680798.2208974,0.0257789733243667
1745680798.2386706,0.0257789733243667
1745680798.25601,0.0257789733243667
1745680798.2733502,0.0257789733243667
1745680798.2911654,0.0257789733243667
1745680798.3090358,0.0257789733243667
1745680798.3266451,0.0257789733243667
1745680798.3443544,0.0261525816334154
1745680798.3621252,0.0261525816334154
1745680798.3794284,0.0261525816334154
1745680798.397231,0.0261525816334154
1745680798.4148364,0.0261525816334154
1745680798.4326,0.0261525816334154
1745680798.4504907,0.0261525816334154
1745680798.4677966,0.0261525816334154
1745680798.485108,0.0261525816334154
1745680798.502308,0.0261525816334154
1745680798.5195718,0.0261525816334154
1745680798.536854,0.0261525816334154
1745680798.5546098,0.0261525816334154
1745680798.5721943,0.0261525816334154
1745680798.5897615,0.0261525816334154
1745680798.6079748,0.0261525816334154
1745680798.6256356,0.0265261899424643
1745680798.6429062,0.0265261899424643
1745680798.660918,0.0265261899424643
1745680798.6788113,0.0265261899424643
1745680798.6963568,0.0265261899424643
1745680798.7139626,0.0265261899424643
1745680798.731217,0.0265261899424643
1745680798.7491517,0.0265261899424643
1745680798.7671292,0.0265261899424643
1745680798.7844718,0.0265261899424643
1745680798.8018124,0.0265261899424643
1745680798.8191378,0.0265261899424643
1745680798.8364923,0.0265261899424643
1745680798.853755,0.0265261899424643
1745680798.8710206,0.0265261899424643
1745680798.8886266,0.0265261899424643
1745680798.9059756,0.0268997982515131
1745680798.9235284,0.0268997982515131
1745680798.940833,0.0268997982515131
1745680798.958481,0.0268997982515131
1745680798.9757378,0.0268997982515131
1745680798.9935637,0.0268997982515131
1745680799.0108378,0.0268997982515131
1745680799.0283043,0.0268997982515131
1745680799.0460732,0.0268997982515131
1745680799.0633576,0.0268997982515131
1745680799.081053,0.0268997982515131
1745680799.0986333,0.0268997982515131
1745680799.1164725,0.0268997982515131
1745680799.1342788,0.0268997982515131
1745680799.151718,0.0268997982515131
1745680799.1694114,0.0268997982515131
1745680799.1869743,0.0272734065605618
1745680799.2046416,0.0272734065605618
1745680799.222189,0.0272734065605618
1745680799.2400382,0.0272734065605618
1745680799.2573545,0.0272734065605618
1745680799.275149,0.0272734065605618
1745680799.2924013,0.0272734065605618
1745680799.3101716,0.0272734065605618
1745680799.3282592,0.0272734065605618
1745680799.3460867,0.0272734065605618
1745680799.363363,0.0272734065605618
1745680799.3811376,0.0272734065605618
1745680799.3987832,0.0272734065605618
1745680799.4165747,0.0272734065605618
1745680799.4339695,0.0272734065605618
1745680799.4512537,0.0272734065605618
1745680799.4690976,0.0276470148696107
1745680799.4863975,0.0276470148696107
1745680799.503832,0.0276470148696107
1745680799.521511,0.0276470148696107
1745680799.5388396,0.0276470148696107
1745680799.5561028,0.0276470148696107
1745680799.5733678,0.0276470148696107
1745680799.5912075,0.0276470148696107
1745680799.608988,0.0276470148696107
1745680799.6263084,0.0276470148696107
1745680799.643785,0.0276470148696107
1745680799.66114,0.0221176118956885
1745680799.6787536,0.0221176118956885
1745680799.6959994,0.0221176118956885
1745680799.713339,0.0221176118956885
1745680799.7304409,0.0221176118956885
1745680799.7479107,0.0224164985429276
1745680799.7651026,0.0224164985429276
1745680799.7824118,0.0224164985429276
1745680799.7996686,0.0224164985429276
1745680799.8171742,0.0224164985429276
1745680799.834251,0.0224164985429276
1745680799.8514142,0.0224164985429276
1745680799.8683207,0.0224164985429276
1745680799.885634,0.0224164985429276
1745680799.903189,0.0224164985429276
1745680799.9202714,0.0224164985429276
1745680799.937232,0.0224164985429276
1745680799.9540775,0.0224164985429276
1745680799.9708552,0.0224164985429276
1745680799.9876893,0.0224164985429276
1745680800.0046878,0.0224164985429276
1745680800.0220654,0.0227153851901665
1745680800.0389972,0.0227153851901665
1745680800.0559304,0.0227153851901665
1745680800.0728393,0.0227153851901665
1745680800.089833,0.0227153851901665
1745680800.1067855,0.0227153851901665
1745680800.123588,0.0227153851901665
1745680800.1404564,0.0227153851901665
1745680800.1573231,0.0227153851901665
1745680800.1742015,0.0227153851901665
1745680800.1912117,0.0227153851901665
1745680800.2081504,0.0227153851901665
1745680800.2250583,0.0227153851901665
1745680800.2419395,0.0227153851901665
1745680800.258864,0.0227153851901665
1745680800.275789,0.0227153851901665
1745680800.2927089,0.0230142718374056
1745680800.309624,0.0230142718374056
1745680800.3265526,0.0230142718374056
1745680800.3434496,0.0230142718374056
1745680800.3603723,0.0230142718374056
1745680800.3772738,0.0230142718374056
1745680800.39428,0.0230142718374056
1745680800.4111629,0.0230142718374056
1745680800.4281156,0.0230142718374056
1745680800.445155,0.0230142718374056
1745680800.4620545,0.0230142718374056
1745680800.478922,0.0230142718374056
1745680800.4967396,0.0230142718374056
1745680800.5137236,0.0230142718374056
1745680800.530754,0.0230142718374056
1745680800.5482094,0.0230142718374056
1745680800.5652003,0.0233131584846446
1745680800.5821805,0.0233131584846446
1745680800.5997174,0.0233131584846446
1745680800.616694,0.0233131584846446
1745680800.6337252,0.0174848688634835
1745680800.65081,0.0174848688634835
1745680800.6679034,0.0174848688634835
1745680800.6851802,0.0174848688634835
1745680800.701988,0.0174848688634835
1745680800.7187235,0.0174848688634835
1745680800.7355354,0.0174848688634835
1745680800.7528012,0.0174848688634835
1745680800.7698898,0.0174848688634835
1745680800.7867782,0.0174848688634835
1745680800.8043396,0.0174848688634835
1745680800.821596,0.0174848688634835
1745680800.8390229,0.0118060225659418
1745680800.8560345,0.0118060225659418
1745680800.8729632,0.0118060225659418
1745680800.8901062,0.0118060225659418
1745680800.9071703,0.0118060225659418
1745680800.9241197,0.0118060225659418
1745680800.941172,0.0118060225659418
1745680800.9584863,0.0118060225659418
1745680800.9753797,0.0118060225659418
1745680800.9925685,0.0118060225659418
1745680801.0091982,0.0118060225659418
1745680801.0260844,0.0118060225659418
1745680801.0425923,0.0118060225659418
1745680801.0595644,0.0118060225659418
1745680801.0764432,0.0118060225659418
1745680801.093538,0.0118060225659418
1745680801.110893,0.0119554658895614
1745680801.1279025,0.0119554658895614
1745680801.1449628,0.0119554658895614
1745680801.162007,0.0119554658895614
1745680801.1789224,0.0119554658895614
1745680801.1960824,0.0119554658895614
1745680801.2132266,0.0119554658895614
1745680801.2303295,0.0119554658895614
1745680801.2472622,0.0119554658895614
1745680801.2642908,0.0119554658895614
1745680801.2812428,0.0119554658895614
1745680801.2982085,0.0119554658895614
1745680801.31491,0.0119554658895614
1745680801.3320675,0.0119554658895614
1745680801.3486671,0.0119554658895614
1745680801.366171,0.0119554658895614
1745680801.382763,0.0121049092131808
1745680801.3996706,0.0121049092131808
1745680801.4167097,0.0121049092131808
1745680801.4333043,0.0121049092131808
1745680801.4504857,0.0121049092131808
1745680801.4673808,0.0121049092131808
1745680801.4845345,0.0121049092131808
1745680801.501506,0.0121049092131808
1745680801.5184536,0.0121049092131808
1745680801.5354033,0.0121049092131808
1745680801.552748,0.0121049092131808
1745680801.5698938,0.0121049092131808
1745680801.5866363,0.0121049092131808
1745680801.6032274,0.0121049092131808
1745680801.6197543,0.0121049092131808
1745680801.6362789,0.0121049092131808
1745680801.6528735,0.0122543525368004
1745680801.6694343,0.0122543525368004
1745680801.6860728,0.0122543525368004
1745680801.7027662,0.0122543525368004
1745680801.7199738,0.0122543525368004
1745680801.7365313,0.0122543525368004
1745680801.7534895,0.0122543525368004
1745680801.7701368,0.0122543525368004
1745680801.7867968,0.0122543525368004
1745680801.8038712,0.0122543525368004
1745680801.8209906,0.0122543525368004
1745680801.8381405,0.0122543525368004
1745680801.85499,0.0122543525368004
1745680801.8720837,0.0122543525368004
1745680801.8890076,0.0122543525368004
1745680801.9059887,0.0122543525368004
1745680801.9230878,0.0124037958604199
1745680801.9402423,0.0124037958604199
1745680801.9571884,0.0124037958604199
1745680801.9741943,0.0124037958604199
1745680801.990845,0.0124037958604199
1745680802.0083325,0.0124037958604199
1745680802.0252492,0.0124037958604199
1745680802.0423486,0.0124037958604199
1745680802.0591958,0.0124037958604199
1745680802.0760932,0.0124037958604199
1745680802.0929732,0.0124037958604199
1745680802.109867,0.0124037958604199
1745680802.1267045,0.0124037958604199
1745680802.1433456,0.0124037958604199
1745680802.159897,0.0124037958604199
1745680802.176616,0.0124037958604199
1745680802.1937163,0.0125532391840395
1745680802.2108688,0.0125532391840395
1745680802.227801,0.0125532391840395
1745680802.244373,0.0125532391840395
1745680802.2609031,0.0125532391840395
1745680802.2774603,0.0125532391840395
1745680802.2940617,0.0125532391840395
1745680802.3106985,0.0125532391840395
1745680802.327308,0.0125532391840395
1745680802.3439543,0.0125532391840395
1745680802.360571,0.0125532391840395
1745680802.3771608,0.0125532391840395
1745680802.3937087,0.0125532391840395
1745680802.4103265,0.0125532391840395
1745680802.4269366,0.0125532391840395
1745680802.443493,0.0125532391840395
1745680802.460104,0.0127026825076589
1745680802.4767132,0.0127026825076589
1745680802.4933991,0.0127026825076589
1745680802.5104606,0.0127026825076589
1745680802.527589,0.0127026825076589
1745680802.544625,0.0127026825076589
1745680802.5614357,0.0127026825076589
1745680802.5780632,0.0127026825076589
1745680802.5949206,0.0127026825076589
1745680802.611969,0.0127026825076589
1745680802.629163,0.0127026825076589
1745680802.6461298,0.0127026825076589
1745680802.6628628,0.0127026825076589
1745680802.6800044,0.0127026825076589
1745680802.6970034,0.0127026825076589
1745680802.7139387,0.0127026825076589
1745680802.7311652,0.0128521258312784
1745680802.7480552,0.0128521258312784
1745680802.765104,0.0128521258312784
1745680802.7821069,0.0128521258312784
1745680802.7988162,0.0128521258312784
1745680802.8159068,0.0128521258312784
1745680802.832895,0.0128521258312784
1745680802.849872,0.0128521258312784
1745680802.8669565,0.0128521258312784
1745680802.8834832,0.0128521258312784
1745680802.9002683,0.0128521258312784
1745680802.917201,0.0128521258312784
1745680802.9342554,0.0128521258312784
1745680802.9512672,0.0128521258312784
1745680802.967839,0.0128521258312784
1745680802.9847224,0.0128521258312784
1745680803.0017135,0.013001569154898
1745680803.018395,0.013001569154898
1745680803.035425,0.013001569154898
1745680803.052508,0.013001569154898
1745680803.069294,0.013001569154898
1745680803.0859842,0.013001569154898
1745680803.1026902,0.013001569154898
1745680803.1196675,0.013001569154898
1745680803.1362858,0.013001569154898
1745680803.1534336,0.013001569154898
1745680803.1708505,0.013001569154898
1745680803.1874578,0.013001569154898
1745680803.204215,0.013001569154898
1745680803.2211108,0.013001569154898
1745680803.2380552,0.013001569154898
1745680803.2545924,0.013001569154898
1745680803.2717106,0.0131510124785175
1745680803.288837,0.0131510124785175
1745680803.305403,0.0131510124785175
1745680803.322296,0.0131510124785175
1745680803.339181,0.0131510124785175
1745680803.355886,0.0131510124785175
1745680803.3729396,0.0131510124785175
1745680803.3902242,0.0131510124785175
1745680803.4072003,0.0131510124785175
1745680803.4244184,0.0131510124785175
1745680803.4412098,0.0131510124785175
1745680803.458181,0.0131510124785175
1745680803.475129,0.0131510124785175
1745680803.491659,0.0131510124785175
1745680803.5082214,0.0131510124785175
1745680803.5254643,0.0131510124785175
1745680803.5424666,0.013300455802137
1745680803.5591311,0.013300455802137
1745680803.5764809,0.013300455802137
1745680803.5933652,0.013300455802137
1745680803.610125,0.013300455802137
1745680803.626783,0.013300455802137
1745680803.6436732,0.013300455802137
1745680803.660575,0.013300455802137
1745680803.677761,0.013300455802137
1745680803.6948771,0.013300455802137
1745680803.7115295,0.013300455802137
1745680803.7286036,0.013300455802137
1745680803.746041,0.013300455802137
1745680803.763327,0.013300455802137
1745680803.7799706,0.013300455802137
1745680803.7965963,0.013300455802137
1745680803.8132572,0.0134498991257565
1745680803.830345,0.0134498991257565
1745680803.8472438,0.0134498991257565
1745680803.8640597,0.0134498991257565
1745680803.8808696,0.0134498991257565
1745680803.8974056,0.0134498991257565
1745680803.9140215,0.0134498991257565
1745680803.9310048,0.0134498991257565
1745680803.948156,0.0134498991257565
1745680803.9651232,0.0134498991257565
1745680803.9820943,0.0134498991257565
1745680803.99866,0.0134498991257565
1745680804.0157146,0.0134498991257565
1745680804.032798,0.0134498991257565
1745680804.049886,0.0134498991257565
1745680804.0666156,0.0134498991257565
1745680804.0835805,0.0135993424493761
1745680804.100208,0.0135993424493761
1745680804.116995,0.0135993424493761
1745680804.1340466,0.0135993424493761
1745680804.1509535,0.0135993424493761
1745680804.1680691,0.0135993424493761
1745680804.1846848,0.0135993424493761
1745680804.2017894,0.0135993424493761
1745680804.2184925,0.0135993424493761
1745680804.235037,0.0135993424493761
1745680804.2515452,0.0135993424493761
1745680804.268253,0.0135993424493761
1745680804.285225,0.0135993424493761
1745680804.302303,0.0135993424493761
1745680804.3191276,0.0135993424493761
1745680804.3359756,0.0135993424493761
1745680804.352954,0.0137487857729955
1745680804.36948,0.0137487857729955
1745680804.3859656,0.0137487857729955
1745680804.4030645,0.0137487857729955
1745680804.4196808,0.0068743928864978
1745680804.4364622,0.0068743928864978
1745680804.4526937,0.0068743928864978
1745680804.4694505,0.0068743928864978
1745680804.485686,0.0068743928864978
1745680804.5019245,0.0068743928864978
1745680804.5181446,0.0068743928864978
1745680804.5344057,0.0068743928864978
1745680804.5505886,0.0068743928864978
1745680804.5667484,0.0068743928864978
1745680804.58292,0.0068743928864978
1745680804.5992074,0.0068743928864978
1745680804.615408,0.0069491145483076
1745680804.6316156,0.0069491145483076
1745680804.6478384,0.0069491145483076
1745680804.6640618,0.0069491145483076
1745680804.6802912,0.0069491145483076
1745680804.6964943,0.0069491145483076
1745680804.7126894,0.0069491145483076
1745680804.7288735,0.0069491145483076
1745680804.745038,0.0069491145483076
1745680804.7612157,0.0069491145483076
1745680804.7774506,0.0069491145483076
1745680804.7936957,0.0069491145483076
1745680804.80989,0.0069491145483076
1745680804.8261309,0.0069491145483076
1745680804.8423572,0.0069491145483076
1745680804.8586447,0.0069491145483076
1745680804.8749611,0.0070238362101172
1745680804.891174,0.0070238362101172
1745680804.907513,0.0070238362101172
1745680804.9238958,0.0070238362101172
1745680804.940587,0.0070238362101172
1745680804.9569695,0.0070238362101172
1745680804.973524,0.0070238362101172
1745680804.9901063,0.0070238362101172
1745680805.0067554,0.0070238362101172
1745680805.0234923,0.0070238362101172
1745680805.0399015,0.0070238362101172
1745680805.0565736,0.0070238362101172
1745680805.073277,0.0070238362101172
1745680805.089865,0.0070238362101172
1745680805.1065626,0.0070238362101172
1745680805.1233416,0.0070238362101172
1745680805.1400056,0.007098557871927
1745680805.156633,0.007098557871927
1745680805.1733696,0.007098557871927
1745680805.1900845,0.007098557871927
1745680805.2068098,0.007098557871927
1745680805.2235954,0.007098557871927
1745680805.240208,0.007098557871927
1745680805.256925,0.007098557871927
1745680805.2739277,0.007098557871927
1745680805.2902706,0.007098557871927
1745680805.306978,0.007098557871927
1745680805.3237429,0.007098557871927
1745680805.340028,0.007098557871927
1745680805.3568385,0.007098557871927
1745680805.3734362,0.007098557871927
1745680805.3902922,0.007098557871927
1745680805.406647,0.0071732795337368
1745680805.42327,0.0071732795337368
1745680805.439589,0.0071732795337368
1745680805.4563832,0.0071732795337368
1745680805.4727368,0.0071732795337368
1745680805.4890816,0.0071732795337368
1745680805.505339,0.0071732795337368
1745680805.5216086,0.0071732795337368
1745680805.5378506,0.0071732795337368
1745680805.5540423,0.0071732795337368
1745680805.5703182,0.0071732795337368
1745680805.5865555,0.0071732795337368
1745680805.6027808,0.0071732795337368
1745680805.6189995,0.0071732795337368
1745680805.635209,0.0071732795337368
1745680805.6514597,0.0071732795337368
1745680805.667848,0.0072480011955465
1745680805.6841173,0.0072480011955465
1745680805.700432,0.0072480011955465
1745680805.7167678,0.0072480011955465
1745680805.7330678,0.0072480011955465
1745680805.7493951,0.0072480011955465
1745680805.765746,0.0072480011955465
1745680805.782091,0.0072480011955465
1745680805.7984197,0.0072480011955465
1745680805.814813,0.0072480011955465
1745680805.8311987,0.0072480011955465
1745680805.8475275,0.0072480011955465
1745680805.8638632,0.0072480011955465
1745680805.880304,0.0072480011955465
1745680805.8970296,0.0072480011955465
1745680805.9139628,0.0072480011955465
1745680805.9303486,0.0073227228573563
1745680805.9472766,0.0073227228573563
1745680805.964114,0.0073227228573563
1745680805.9808123,0.0073227228573563
1745680805.997517,0.0073227228573563
1745680806.0140822,0.0073227228573563
1745680806.0307376,0.0073227228573563
1745680806.047463,0.0073227228573563
1745680806.064165,0.0073227228573563
1745680806.0810647,0.0073227228573563
1745680806.0979264,0.0073227228573563
1745680806.1146336,0.0073227228573563
1745680806.1315365,0.0073227228573563
1745680806.1484766,0.0073227228573563
1745680806.1655843,0.0073227228573563
1745680806.1823857,0.0073227228573563
1745680806.1996644,0.0073974445191661
1745680806.216442,0.0073974445191661
1745680806.233125,0.0073974445191661
1745680806.2498193,0.0073974445191661
1745680806.266508,0.0073974445191661
1745680806.2832706,0.0073974445191661
1745680806.300055,0.0073974445191661
1745680806.3167684,0.0073974445191661
1745680806.3337643,0.0073974445191661
1745680806.3504474,0.0073974445191661
1745680806.3672304,0.0073974445191661
1745680806.3837855,0.0073974445191661
1745680806.400403,0.0073974445191661
1745680806.4170134,0.0073974445191661
1745680806.4339886,0.0073974445191661
1745680806.4503083,0.0073974445191661
1745680806.466621,0.0074721661809759
1745680806.4829206,0.0074721661809759
1745680806.4992332,0.0074721661809759
1745680806.5156024,0.0074721661809759
1745680806.5319908,0.0074721661809759
1745680806.5482907,0.0074721661809759
1745680806.564603,0.0074721661809759
1745680806.580956,0.0074721661809759
1745680806.5972772,0.0074721661809759
1745680806.613657,0.0074721661809759
1745680806.6300516,0.0074721661809759
1745680806.6463678,0.0074721661809759
1745680806.6627104,0.0074721661809759
1745680806.6791255,0.0074721661809759
1745680806.6953804,0.0074721661809759
1745680806.7117338,0.0074721661809759
1745680806.728013,0.0075468878427856
1745680806.7443388,0.0075468878427856
1745680806.7606535,0.0075468878427856
1745680806.777021,0.0075468878427856
1745680806.793371,0.0075468878427856
1745680806.8105302,0.0075468878427856
1745680806.8269193,0.0075468878427856
1745680806.8433404,0.0075468878427856
1745680806.8597836,0.0075468878427856
1745680806.8761652,0.0075468878427856
1745680806.8925536,0.0075468878427856
1745680806.9090846,0.0075468878427856
1745680806.9259832,0.0075468878427856
1745680806.9429364,0.0075468878427856
